COG0001	Glutamate-1-semialdehyde aminotransferase
COG0002	N-acetyl-gamma-glutamylphosphate reductase
COG0003	"Anion-transporting ATPase, ArsA/GET3 family"
COG0004	Ammonia channel protein AmtB
COG0005	Purine nucleoside phosphorylase
COG0006	Xaa-Pro aminopeptidase
COG0007	Uroporphyrinogen-III methylase (siroheme synthase)
COG0008	Glutamyl- or glutaminyl-tRNA synthetase
COG0009	tRNA A37 threonylcarbamoyladenosine synthetase subunit TsaC/SUA5/YrdC
COG0010	Arginase family enzyme
COG0011	"Uncharacterized conserved protein YqgV, UPF0045/DUF77 family"
COG0012	"Ribosome-binding ATPase YchF, GTP1/OBG family"
COG0013	Alanyl-tRNA synthetase
COG0014	Gamma-glutamyl phosphate reductase
COG0015	Adenylosuccinate lyase
COG0016	Phenylalanyl-tRNA synthetase alpha subunit
COG0017	Aspartyl/asparaginyl-tRNA synthetase
COG0018	Arginyl-tRNA synthetase
COG0019	Diaminopimelate decarboxylase
COG0020	Undecaprenyl pyrophosphate synthase
COG0021	Transketolase
COG0022	"Pyruvate/2-oxoglutarate/acetoin dehydrogenase complex, dehydrogenase (E1) component"
COG0023	Translation initiation factor 1 (eIF-1/SUI1)
COG0024	Methionine aminopeptidase
COG0025	NhaP-type Na+/H+ or K+/H+ antiporter
COG0026	Phosphoribosylaminoimidazole carboxylase (NCAIR synthetase)
COG0027	Formate-dependent phosphoribosylglycinamide formyltransferase (GAR transformylase)
COG0028	Acetolactate synthase large subunit or other thiamine pyrophosphate-requiring enzyme
COG0029	Aspartate oxidase
COG0030	16S rRNA A1518 and A1519 N6-dimethyltransferase RsmA/KsgA/DIM1 (may also have DNA glycosylase/AP lyase activity)
COG0031	Cysteine synthase
COG0033	Phosphoglucomutase
COG0034	Glutamine phosphoribosylpyrophosphate amidotransferase
COG0035	Uracil phosphoribosyltransferase
COG0036	Pentose-5-phosphate-3-epimerase
COG0037	tRNA(Ile)-lysidine synthase TilS/MesJ
COG0038	H+/Cl- antiporter ClcA
COG0039	Malate/lactate dehydrogenase
COG0040	ATP phosphoribosyltransferase
COG0041	Phosphoribosylcarboxyaminoimidazole (NCAIR) mutase
COG0042	tRNA-dihydrouridine synthase
COG0043	3-polyprenyl-4-hydroxybenzoate decarboxylase
COG0044	Dihydroorotase or related cyclic amidohydrolase
COG0045	"Succinyl-CoA synthetase, beta subunit"
COG0046	"Phosphoribosylformylglycinamidine (FGAM) synthase, synthetase domain"
COG0047	"Phosphoribosylformylglycinamidine (FGAM) synthase, glutamine amidotransferase domain"
COG0048	Ribosomal protein S12
COG0049	Ribosomal protein S7
COG0050	"Translation elongation factor EF-Tu, a GTPase"
COG0051	Ribosomal protein S10
COG0052	Ribosomal protein S2
COG0053	Divalent metal cation (Fe/Co/Zn/Cd) transporter
COG0054	"6,7-dimethyl-8-ribityllumazine synthase (Riboflavin synthase beta chain)"
COG0055	"FoF1-type ATP synthase, beta subunit"
COG0056	"FoF1-type ATP synthase, alpha subunit"
COG0057	Glyceraldehyde-3-phosphate dehydrogenase/erythrose-4-phosphate dehydrogenase
COG0058	Glucan phosphorylase
COG0059	Ketol-acid reductoisomerase
COG0060	Isoleucyl-tRNA synthetase
COG0061	NAD kinase
COG0062	"NAD(P)H-hydrate repair enzyme Nnr, NAD(P)H-hydrate epimerase domain"
COG0063	"NAD(P)H-hydrate repair enzyme Nnr, NAD(P)H-hydrate dehydratase domain"
COG0064	Asp-tRNAAsn/Glu-tRNAGln amidotransferase B subunit
COG0065	Homoaconitase/3-isopropylmalate dehydratase large subunit
COG0066	3-isopropylmalate dehydratase small subunit
COG0067	Glutamate synthase domain 1
COG0068	Hydrogenase maturation factor HypF (carbamoyltransferase)
COG0069	Glutamate synthase domain 2
COG0070	Glutamate synthase domain 3
COG0071	"Molecular chaperone IbpA, HSP20 family"
COG0072	Phenylalanyl-tRNA synthetase beta subunit
COG0073	tRNA-binding EMAP/Myf domain
COG0074	"Succinyl-CoA synthetase, alpha subunit"
COG0075	"Archaeal aspartate aminotransferase or a related aminotransferase, includes purine catabolism protein PucG"
COG0076	Glutamate or tyrosine decarboxylase or a related PLP-dependent protein
COG0077	Prephenate dehydratase
COG0078	Ornithine carbamoyltransferase
COG0079	Histidinol-phosphate/aromatic aminotransferase or cobyric acid decarboxylase
COG0080	Ribosomal protein L11
COG0081	Ribosomal protein L1
COG0082	Chorismate synthase
COG0083	Homoserine kinase
COG0084	Tat protein secretion system quality control protein TatD (DNase activity)
COG0085	"DNA-directed RNA polymerase, beta subunit/140 kD subunit"
COG0086	"DNA-directed RNA polymerase, beta' subunit/160 kD subunit"
COG0087	Ribosomal protein L3
COG0088	Ribosomal protein L4
COG0089	Ribosomal protein L23
COG0090	Ribosomal protein L2
COG0091	Ribosomal protein L22
COG0092	Ribosomal protein S3
COG0093	Ribosomal protein L14
COG0094	Ribosomal protein L5
COG0095	Lipoate-protein ligase A
COG0096	Ribosomal protein S8
COG0097	Ribosomal protein L6P/L9E
COG0098	Ribosomal protein S5
COG0099	Ribosomal protein S13
COG0100	Ribosomal protein S11
COG0101	"tRNA U38,U39,U40 pseudouridine synthase TruA"
COG0102	Ribosomal protein L13
COG0103	Ribosomal protein S9
COG0104	Adenylosuccinate synthase
COG0105	Nucleoside diphosphate kinase
COG0106	Phosphoribosylformimino-5-aminoimidazole carboxamide ribonucleotide (ProFAR) isomerase
COG0107	Imidazole glycerol phosphate synthase subunit HisF
COG0108	"3,4-dihydroxy-2-butanone 4-phosphate synthase"
COG0109	Polyprenyltransferase (heme O synthase)
COG0110	Acetyltransferase (isoleucine patch superfamily)
COG0111	Phosphoglycerate dehydrogenase or related dehydrogenase
COG0112	Glycine/serine hydroxymethyltransferase
COG0113	"Delta-aminolevulinic acid dehydratase, porphobilinogen synthase"
COG0114	Fumarate hydratase class II
COG0115	Branched-chain amino acid aminotransferase/4-amino-4-deoxychorismate lyase
COG0116	23S rRNA G2445 N2-methylase RlmL
COG0117	Pyrimidine deaminase domain of riboflavin biosynthesis protein RibD
COG0118	Imidazoleglycerol phosphate synthase glutamine amidotransferase subunit HisH
COG0119	Isopropylmalate/homocitrate/citramalate synthases
COG0120	Ribose 5-phosphate isomerase
COG0121	Predicted glutamine amidotransferase
COG0122	3-methyladenine DNA glycosylase/8-oxoguanine DNA glycosylase
COG0123	Acetoin utilization deacetylase AcuC or a related deacetylase
COG0124	Histidyl-tRNA synthetase
COG0125	Thymidylate kinase
COG0126	3-phosphoglycerate kinase
COG0127	"Inosine/xanthosine triphosphate pyrophosphatase, all-alpha NTP-PPase family"
COG0128	5-enolpyruvylshikimate-3-phosphate synthase
COG0129	Dihydroxyacid dehydratase/phosphogluconate dehydratase
COG0130	"tRNA U55 pseudouridine synthase TruB, may also work on U342 of tmRNA"
COG0131	Imidazoleglycerol phosphate dehydratase HisB
COG0132	Dethiobiotin synthetase
COG0133	Tryptophan synthase beta chain
COG0134	Indole-3-glycerol phosphate synthase
COG0135	Phosphoribosylanthranilate isomerase
COG0136	Aspartate-semialdehyde dehydrogenase
COG0137	Argininosuccinate synthase
COG0138	AICAR transformylase/IMP cyclohydrolase PurH
COG0139	Phosphoribosyl-AMP cyclohydrolase
COG0140	Phosphoribosyl-ATP pyrophosphohydrolase
COG0141	Histidinol dehydrogenase
COG0142	Geranylgeranyl pyrophosphate synthase
COG0143	Methionyl-tRNA synthetase
COG0144	"16S rRNA C967 or C1407 C5-methylase, RsmB/RsmF family"
COG0145	"N-methylhydantoinase A/oxoprolinase/acetone carboxylase, beta subunit"
COG0146	"N-methylhydantoinase B/oxoprolinase/acetone carboxylase, alpha subunit"
COG0147	Anthranilate/para-aminobenzoate synthases component I
COG0148	Enolase
COG0149	Triosephosphate isomerase
COG0150	Phosphoribosylaminoimidazole (AIR) synthetase
COG0151	Phosphoribosylamine-glycine ligase
COG0152	Phosphoribosylaminoimidazole-succinocarboxamide synthase
COG0153	Galactokinase
COG0154	Asp-tRNAAsn/Glu-tRNAGln amidotransferase A subunit or related amidase
COG0155	"Sulfite reductase, beta subunit (hemoprotein)"
COG0156	7-keto-8-aminopelargonate synthetase or related enzyme
COG0157	Nicotinate-nucleotide pyrophosphorylase
COG0158	"Fructose-1,6-bisphosphatase"
COG0159	Tryptophan synthase alpha chain
COG0160	4-aminobutyrate aminotransferase or related aminotransferase
COG0161	Adenosylmethionine-8-amino-7-oxononanoate aminotransferase
COG0162	Tyrosyl-tRNA synthetase
COG0163	3-polyprenyl-4-hydroxybenzoate decarboxylase
COG0164	Ribonuclease HII
COG0165	Argininosuccinate lyase
COG0166	Glucose-6-phosphate isomerase
COG0167	Dihydroorotate dehydrogenase
COG0168	"Trk-type K+ transport system, membrane component"
COG0169	Shikimate 5-dehydrogenase
COG0170	Dolichol kinase
COG0171	NH3-dependent NAD+ synthetase
COG0172	Seryl-tRNA synthetase
COG0173	Aspartyl-tRNA synthetase
COG0174	Glutamine synthetase
COG0175	3'-phosphoadenosine 5'-phosphosulfate sulfotransferase (PAPS reductase)/FAD synthetase or related enzyme
COG0176	Transaldolase
COG0177	Endonuclease III
COG0178	Excinuclease UvrABC ATPase subunit
COG0179	"2-keto-4-pentenoate hydratase/2-oxohepta-3-ene-1,7-dioic acid hydratase (catechol pathway)"
COG0180	Tryptophanyl-tRNA synthetase
COG0181	Porphobilinogen deaminase
COG0182	"Methylthioribose-1-phosphate isomerase (methionine salvage pathway), a paralog of eIF-2B alpha subunit"
COG0183	Acetyl-CoA acetyltransferase
COG0184	Ribosomal protein S15P/S13E
COG0185	Ribosomal protein S19
COG0186	Ribosomal protein S17
COG0187	"DNA gyrase/topoisomerase IV, subunit B"
COG0188	"DNA gyrase/topoisomerase IV, subunit A"
COG0189	"Glutathione synthase/RimK-type ligase, ATP-grasp superfamily"
COG0190	"5,10-methylene-tetrahydrofolate dehydrogenase/Methenyl tetrahydrofolate cyclohydrolase"
COG0191	Fructose/tagatose bisphosphate aldolase
COG0192	S-adenosylmethionine synthetase
COG0193	Peptidyl-tRNA hydrolase
COG0194	Guanylate kinase
COG0195	"Transcription antitermination factor NusA, contains S1 and KH domains"
COG0196	FAD synthase
COG0197	Ribosomal protein L16/L10AE
COG0198	Ribosomal protein L24
COG0199	Ribosomal protein S14
COG0200	Ribosomal protein L15
COG0201	Preprotein translocase subunit SecY
COG0202	"DNA-directed RNA polymerase, alpha subunit/40 kD subunit"
COG0203	Ribosomal protein L17
COG0204	1-acyl-sn-glycerol-3-phosphate acyltransferase
COG0205	6-phosphofructokinase
COG0206	Cell division GTPase FtsZ
COG0207	Thymidylate synthase
COG0208	"Ribonucleotide reductase beta subunit, ferritin-like domain"
COG0209	Ribonucleotide reductase alpha subunit
COG0210	Superfamily I DNA or RNA helicase
COG0211	Ribosomal protein L27
COG0212	5-formyltetrahydrofolate cyclo-ligase
COG0213	Thymidine phosphorylase
COG0214	Pyridoxal biosynthesis lyase PdxS
COG0215	Cysteinyl-tRNA synthetase
COG0216	Protein chain release factor A
COG0217	Transcriptional and/or translational regulatory protein YebC/TACO1
COG0218	GTP-binding protein EngB required for normal cell division
COG0219	"tRNA(Leu) C34 or U34 (ribose-2'-O)-methylase TrmL, contains SPOUT domain"
COG0220	tRNA G46 methylase TrmB
COG0221	Inorganic pyrophosphatase
COG0222	Ribosomal protein L7/L12
COG0223	Methionyl-tRNA formyltransferase
COG0224	"FoF1-type ATP synthase, gamma subunit"
COG0225	Peptide methionine sulfoxide reductase MsrA
COG0226	"ABC-type phosphate transport system, periplasmic component"
COG0227	Ribosomal protein L28
COG0228	Ribosomal protein S16
COG0229	Peptide methionine sulfoxide reductase MsrB
COG0230	Ribosomal protein L34
COG0231	Translation elongation factor P (EF-P)/translation initiation factor 5A (eIF-5A)
COG0232	dGTP triphosphohydrolase
COG0233	Ribosome recycling factor
COG0234	Co-chaperonin GroES (HSP10)
COG0235	Ribulose-5-phosphate 4-epimerase/Fuculose-1-phosphate aldolase
COG0236	Acyl carrier protein
COG0237	Dephospho-CoA kinase
COG0238	Ribosomal protein S18
COG0239	"Fluoride ion exporter CrcB/FEX, affects chromosome condensation"
COG0240	Glycerol-3-phosphate dehydrogenase
COG0241	Histidinol phosphatase or a related phosphatase
COG0242	Peptide deformylase
COG0243	Anaerobic selenocysteine-containing dehydrogenase
COG0244	Ribosomal protein L10
COG0245	"2C-methyl-D-erythritol 2,4-cyclodiphosphate synthase"
COG0246	Mannitol-1-phosphate/altronate dehydrogenases
COG0247	Fe-S oxidoreductase
COG0248	Exopolyphosphatase/pppGpp-phosphohydrolase
COG0249	DNA mismatch repair ATPase MutS
COG0250	Transcription antitermination factor NusG
COG0251	"Enamine deaminase RidA, house cleaning of reactive enamine intermediates, YjgF/YER057c/UK114 family"
COG0252	L-asparaginase/archaeal Glu-tRNAGln amidotransferase subunit D
COG0253	Diaminopimelate epimerase
COG0254	Ribosomal protein L31
COG0255	Ribosomal protein L29
COG0256	Ribosomal protein L18
COG0257	Ribosomal protein L36
COG0258	5'-3' exonuclease
COG0259	Pyridoxine/pyridoxamine 5'-phosphate oxidase
COG0260	Leucyl aminopeptidase
COG0261	Ribosomal protein L21
COG0262	Dihydrofolate reductase
COG0263	Glutamate 5-kinase
COG0264	Translation elongation factor EF-Ts
COG0265	"Periplasmic serine protease, S1-C subfamily, contain C-terminal PDZ domain"
COG0266	Formamidopyrimidine-DNA glycosylase
COG0267	Ribosomal protein L33
COG0268	Ribosomal protein S20
COG0269	3-keto-L-gulonate-6-phosphate decarboxylase
COG0270	Site-specific DNA-cytosine methylase
COG0271	Stress-induced morphogen (activity unknown)
COG0272	NAD-dependent DNA ligase
COG0274	Deoxyribose-phosphate aldolase
COG0275	16S rRNA C1402 N4-methylase RsmH
COG0276	Protoheme ferro-lyase (ferrochelatase)
COG0277	FAD/FMN-containing dehydrogenase
COG0278	Glutaredoxin-related protein
COG0279	Phosphoheptose isomerase
COG0280	Phosphotransacetylase
COG0281	Malic enzyme
COG0282	Acetate kinase
COG0283	Cytidylate kinase
COG0284	Orotidine-5'-phosphate decarboxylase
COG0285	Folylpolyglutamate synthase/Dihydropteroate synthase
COG0286	"Type I restriction-modification system, DNA methylase subunit"
COG0287	Prephenate dehydrogenase
COG0288	Carbonic anhydrase
COG0289	Dihydrodipicolinate reductase
COG0290	Translation initiation factor IF-3
COG0291	Ribosomal protein L35
COG0292	Ribosomal protein L20
COG0293	23S rRNA U2552 (ribose-2'-O)-methylase RlmE/FtsJ
COG0294	Dihydropteroate synthase
COG0295	Cytidine deaminase
COG0296	"1,4-alpha-glucan branching enzyme"
COG0297	Glycogen synthase
COG0298	Hydrogenase maturation factor
COG0299	Folate-dependent phosphoribosylglycinamide formyltransferase PurN
COG0300	Short-chain dehydrogenase
COG0301	"Adenylyl- and sulfurtransferase ThiI, participates in tRNA 4-thiouridine and thiamine biosynthesis"
COG0302	GTP cyclohydrolase I
COG0303	Molybdopterin biosynthesis enzyme
COG0304	3-oxoacyl-(acyl-carrier-protein) synthase
COG0305	Replicative DNA helicase
COG0306	Phosphate/sulfate permease
COG0307	Riboflavin synthase alpha chain
COG0308	Aminopeptidase N
COG0309	Hydrogenase maturation factor
COG0310	"ABC-type Co2+ transport system, permease component"
COG0311	Glutamine amidotransferase PdxT (pyridoxal biosynthesis)
COG0312	Predicted Zn-dependent protease or its inactivated homolog
COG0313	16S rRNA C1402 (ribose-2'-O) methylase RsmI
COG0314	Molybdopterin synthase catalytic subunit
COG0315	Molybdenum cofactor biosynthesis enzyme
COG0316	Fe-S cluster assembly iron-binding protein IscA
COG0317	"(p)ppGpp synthase/hydrolase, HD superfamily"
COG0318	Acyl-CoA synthetase (AMP-forming)/AMP-acid ligase II
COG0319	"ssRNA-specific RNase YbeY, 16S rRNA maturation enzyme"
COG0320	Lipoate synthase
COG0321	Lipoate-protein ligase B
COG0322	"Excinuclease UvrABC, nuclease subunit"
COG0323	DNA mismatch repair ATPase MutL
COG0324	tRNA A37 N6-isopentenylltransferase MiaA
COG0325	"Uncharacterized pyridoxal phosphate-containing protein, affects Ilv metabolism, UPF0001 family"
COG0326	"Molecular chaperone, HSP90 family"
COG0327	"Putative GTP cyclohydrolase 1 type 2, NIF3 family"
COG0328	Ribonuclease HI
COG0329	Dihydrodipicolinate synthase/N-acetylneuraminate lyase
COG0330	"Regulator of protease activity HflC, stomatin/prohibitin superfamily"
COG0331	Malonyl CoA-acyl carrier protein transacylase
COG0332	3-oxoacyl-[acyl-carrier-protein] synthase III
COG0333	Ribosomal protein L32
COG0334	Glutamate dehydrogenase/leucine dehydrogenase
COG0335	Ribosomal protein L19
COG0336	tRNA G37 N-methylase TrmD
COG0337	3-dehydroquinate synthetase
COG0338	Site-specific DNA-adenine methylase
COG0339	Zn-dependent oligopeptidase
COG0340	Biotin-(acetyl-CoA carboxylase) ligase
COG0341	Preprotein translocase subunit SecF
COG0342	Preprotein translocase subunit SecD
COG0343	Queuine/archaeosine tRNA-ribosyltransferase
COG0344	"Phospholipid biosynthesis protein PlsY, probable glycerol-3-phosphate acyltransferase"
COG0345	Pyrroline-5-carboxylate reductase
COG0346	"Catechol 2,3-dioxygenase or other lactoylglutathione lyase family enzyme"
COG0347	Nitrogen regulatory protein PII
COG0348	Polyferredoxin
COG0349	Ribonuclease D
COG0350	O6-methylguanine-DNA--protein-cysteine methyltransferase
COG0351	Hydroxymethylpyrimidine/phosphomethylpyrimidine kinase
COG0352	Thiamine monophosphate synthase
COG0353	Recombinational DNA repair protein RecR
COG0354	"Folate-binding Fe-S cluster repair protein YgfZ, possible role in tRNA modification"
COG0355	"FoF1-type ATP synthase, epsilon subunit"
COG0356	"FoF1-type ATP synthase, membrane subunit a"
COG0357	16S rRNA G527 N7-methylase RsmG (former glucose-inhibited division protein B)
COG0358	DNA primase (bacterial type)
COG0359	Ribosomal protein L9
COG0360	Ribosomal protein S6
COG0361	Translation initiation factor IF-1
COG0362	6-phosphogluconate dehydrogenase
COG0363	6-phosphogluconolactonase/Glucosamine-6-phosphate isomerase/deaminase
COG0364	Glucose-6-phosphate 1-dehydrogenase
COG0365	Acyl-coenzyme A synthetase/AMP-(fatty) acid ligase
COG0366	Glycosidase
COG0367	Asparagine synthetase B (glutamine-hydrolyzing)
COG0368	Cobalamin synthase
COG0369	"Sulfite reductase, alpha subunit (flavoprotein)"
COG0370	Fe2+ transport system protein B
COG0371	"Glycerol dehydrogenase or related enzyme, iron-containing ADH family"
COG0372	Citrate synthase
COG0373	Glutamyl-tRNA reductase
COG0374	"Ni,Fe-hydrogenase I large subunit"
COG0375	Zn finger protein HypA/HybF (possibly regulating hydrogenase expression)
COG0376	Catalase (peroxidase I)
COG0377	NADH:ubiquinone oxidoreductase 20 kD subunit (chhain B) or related Fe-S oxidoreductase
COG0378	Ni2+-binding GTPase involved in regulation of expression and maturation of urease and hydrogenase
COG0379	Quinolinate synthase
COG0380	Trehalose-6-phosphate synthase
COG0381	UDP-N-acetylglucosamine 2-epimerase
COG0382	4-hydroxybenzoate polyprenyltransferase
COG0383	Alpha-mannosidase
COG0384	"Predicted epimerase YddE/YHI9, PhzF superfamily"
COG0385	Predicted Na+-dependent transporter
COG0386	"Glutathione peroxidase, house-cleaning role in reducing lipid peroxides"
COG0387	Ca2+/H+ antiporter
COG0388	Predicted amidohydrolase
COG0389	Nucleotidyltransferase/DNA polymerase involved in DNA repair
COG0390	"ABC-type iron transport system FetAB, permease component"
COG0391	"Archaeal 2-phospho-L-lactate transferase/Bacterial gluconeogenesis factor, CofD/UPF0052 family"
COG0392	"Uncharacterized membrane protein YbhN, UPF0104 family"
COG0393	"Uncharacterized conserved protein YbjQ, UPF0145 family"
COG0394	Protein-tyrosine-phosphatase
COG0395	"ABC-type glycerol-3-phosphate transport system, permease component"
COG0396	Fe-S cluster assembly ATPase SufC
COG0397	"Uncharacterized conserved protein YdiU, UPF0061 family"
COG0398	"Uncharacterized membrane protein YdjX, TVP38/TMEM64 family, SNARE-associated domain"
COG0399	"dTDP-4-amino-4,6-dideoxygalactose transaminase"
COG0400	Predicted esterase
COG0401	"Uncharacterized membrane protein YqaE, homolog of Blt101, UPF0057 family"
COG0402	Cytosine/adenosine deaminase or related metal-dependent hydrolase
COG0403	"Glycine cleavage system protein P (pyridoxal-binding), N-terminal domain"
COG0404	Glycine cleavage system T protein (aminomethyltransferase)
COG0405	Gamma-glutamyltranspeptidase
COG0406	Broad specificity phosphatase PhoE
COG0407	Uroporphyrinogen-III decarboxylase
COG0408	Coproporphyrinogen III oxidase
COG0409	Hydrogenase maturation factor
COG0410	"ABC-type branched-chain amino acid transport system, ATPase component"
COG0411	"ABC-type branched-chain amino acid transport system, ATPase component"
COG0412	Dienelactone hydrolase
COG0413	Ketopantoate hydroxymethyltransferase
COG0414	Panthothenate synthetase
COG0415	Deoxyribodipyrimidine photolyase
COG0416	Fatty acid/phospholipid biosynthesis enzyme
COG0417	DNA polymerase elongation subunit (family B)
COG0418	Dihydroorotase
COG0419	DNA repair exonuclease SbcCD ATPase subunit
COG0420	DNA repair exonuclease SbcCD nuclease subunit
COG0421	Spermidine synthase
COG0422	Thiamine biosynthesis protein ThiC
COG0423	Glycyl-tRNA synthetase (class II)
COG0424	"Predicted house-cleaning NTP pyrophosphatase, Maf/HAM1 superfamily"
COG0425	TusA-related sulfurtransferase
COG0426	Flavorubredoxin
COG0427	Acyl-CoA hydrolase
COG0428	Zinc transporter ZupT
COG0429	Predicted hydrolase of the alpha/beta-hydrolase fold
COG0430	RNA 3'-terminal phosphate cyclase
COG0431	NAD(P)H-dependent FMN reductase
COG0432	"Thiamin phosphate synthase YjbQ, UPF0047 family"
COG0433	"Archaeal DNA helicase HerA or a related bacterial ATPase, contains HAS-barrel and ATPase domains"
COG0434	Predicted TIM-barrel enzyme
COG0435	Glutathionyl-hydroquinone reductase
COG0436	Aspartate/methionine/tyrosine aminotransferase
COG0437	Fe-S-cluster-containing dehydrogenase component
COG0438	Glycosyltransferase involved in cell wall bisynthesis
COG0439	Biotin carboxylase
COG0440	"Acetolactate synthase, small subunit"
COG0441	Threonyl-tRNA synthetase
COG0442	Prolyl-tRNA synthetase
COG0443	Molecular chaperone DnaK (HSP70)
COG0444	"ABC-type dipeptide/oligopeptide/nickel transport system, ATPase component"
COG0445	tRNA U34 5-carboxymethylaminomethyl modifying enzyme MnmG/GidA
COG0446	"NADPH-dependent 2,4-dienoyl-CoA reductase, sulfur reductase, or a related oxidoreductase"
COG0447	"1,4-Dihydroxy-2-naphthoyl-CoA synthase"
COG0448	ADP-glucose pyrophosphorylase
COG0449	"Glucosamine 6-phosphate synthetase, contains amidotransferase and phosphosugar isomerase domains"
COG0450	Alkyl hydroperoxide reductase subunit AhpC (peroxiredoxin)
COG0451	Nucleoside-diphosphate-sugar epimerase
COG0452	Phosphopantothenoylcysteine synthetase/decarboxylase
COG0454	"N-acetyltransferase, GNAT superfamily (includes histone acetyltransferase HPA2)"
COG0455	MinD-like ATPase involved in chromosome partitioning or flagellar assembly
COG0456	Ribosomal protein S18 acetylase RimI and related acetyltransferases
COG0457	Tetratricopeptide (TPR) repeat
COG0458	Carbamoylphosphate synthase large subunit
COG0459	Chaperonin GroEL (HSP60 family)
COG0460	Homoserine dehydrogenase
COG0461	Orotate phosphoribosyltransferase
COG0462	Phosphoribosylpyrophosphate synthetase
COG0463	Glycosyltransferase involved in cell wall bisynthesis
COG0464	"AAA+-type ATPase, SpoVK/Ycf46/Vps4 family"
COG0465	ATP-dependent Zn proteases
COG0466	"ATP-dependent Lon protease, bacterial type"
COG0467	"RecA-superfamily ATPase, KaiC/GvpD/RAD55 family"
COG0468	RecA/RadA recombinase
COG0469	Pyruvate kinase
COG0470	"DNA polymerase III, delta prime subunit"
COG0471	Di- and tricarboxylate transporter
COG0472	UDP-N-acetylmuramyl pentapeptide phosphotransferase/UDP-N-acetylglucosamine-1-phosphate transferase
COG0473	Isocitrate/isopropylmalate dehydrogenase
COG0474	Magnesium-transporting ATPase (P-type)
COG0475	"Kef-type K+ transport system, membrane component KefB"
COG0476	Molybdopterin or thiamine biosynthesis adenylyltransferase
COG0477	MFS family permease
COG0478	RIO-like serine/threonine protein kinase fused to N-terminal HTH domain
COG0479	"Succinate dehydrogenase/fumarate reductase, Fe-S protein subunit"
COG0480	"Translation elongation factor EF-G, a GTPase"
COG0481	"Translation elongation factor EF-4, membrane-bound GTPase"
COG0482	"tRNA U34 2-thiouridine synthase MnmA/TrmU, contains the PP-loop ATPase domain"
COG0483	"Archaeal fructose-1,6-bisphosphatase or related enzyme of inositol monophosphatase family"
COG0484	DnaJ-class molecular chaperone with C-terminal Zn finger domain
COG0486	tRNA U34 5-carboxymethylaminomethyl modifying GTPase MnmE/TrmE
COG0488	ATPase components of ABC transporters with duplicated ATPase domains
COG0489	"Chromosome partitioning ATPase, Mrp family, contains Fe-S cluster"
COG0490	"K+/H+ antiporter YhaU, regulatory subunit KhtT"
COG0491	"Glyoxylase or a related metal-dependent hydrolase, beta-lactamase superfamily II"
COG0492	Thioredoxin reductase
COG0493	NADPH-dependent glutamate synthase beta chain or related oxidoreductase
COG0494	"8-oxo-dGTP pyrophosphatase MutT and related house-cleaning NTP pyrophosphohydrolases, NUDIX family"
COG0495	Leucyl-tRNA synthetase
COG0496	Broad specificity polyphosphatase and 5'/3'-nucleotidase SurE
COG0497	DNA repair ATPase RecN
COG0498	Threonine synthase
COG0499	S-adenosylhomocysteine hydrolase
COG0500	SAM-dependent methyltransferase
COG0501	Zn-dependent protease with chaperone function
COG0502	Biotin synthase or related enzyme
COG0503	Adenine/guanine phosphoribosyltransferase or related PRPP-binding protein
COG0504	CTP synthase (UTP-ammonia lyase)
COG0505	Carbamoylphosphate synthase small subunit
COG0506	Proline dehydrogenase
COG0507	"ATP-dependent exoDNAse (exonuclease V), alpha subunit, helicase superfamily I"
COG0508	"Pyruvate/2-oxoglutarate dehydrogenase complex, dihydrolipoamide acyltransferase (E2) component"
COG0509	Glycine cleavage system H protein (lipoate-binding)
COG0510	Thiamine kinase and related kinases
COG0511	Biotin carboxyl carrier protein
COG0512	Anthranilate/para-aminobenzoate synthase component II
COG0513	Superfamily II DNA and RNA helicase
COG0514	Superfamily II DNA helicase RecQ
COG0515	Serine/threonine protein kinase
COG0516	IMP dehydrogenase/GMP reductase
COG0517	CBS domain
COG0518	GMP synthase - Glutamine amidotransferase domain
COG0519	"GMP synthase, PP-ATPase domain/subunit"
COG0520	Selenocysteine lyase/Cysteine desulfurase
COG0521	Molybdopterin biosynthesis enzyme MoaB
COG0522	Ribosomal protein S4 or related protein
COG0523	"GTPase, G3E family"
COG0524	"Sugar or nucleoside kinase, ribokinase family"
COG0525	Valyl-tRNA synthetase
COG0526	Thiol-disulfide isomerase or thioredoxin
COG0527	Aspartokinase
COG0528	Uridylate kinase
COG0529	Adenylylsulfate kinase or related kinase
COG0530	Ca2+/Na+ antiporter
COG0531	Amino acid transporter
COG0532	"Translation initiation factor IF-2, a GTPase"
COG0533	tRNA A37 threonylcarbamoyltransferase TsaD
COG0534	Na+-driven multidrug efflux pump
COG0535	"Radical SAM superfamily enzyme, MoaA/NifB/PqqE/SkfB family"
COG0536	GTPase involved in cell partioning and DNA repair
COG0537	Diadenosine tetraphosphate (Ap4A) hydrolase or other HIT family hydrolase
COG0538	Isocitrate dehydrogenase
COG0539	Ribosomal protein S1
COG0540	"Aspartate carbamoyltransferase, catalytic chain"
COG0541	Signal recognition particle GTPase
COG0542	ATP-dependent Clp protease ATP-binding subunit ClpA
COG0543	NAD(P)H-flavin reductase
COG0544	FKBP-type peptidyl-prolyl cis-trans isomerase (trigger factor)
COG0545	FKBP-type peptidyl-prolyl cis-trans isomerase
COG0546	"Phosphoglycolate phosphatase, HAD superfamily"
COG0547	Anthranilate phosphoribosyltransferase
COG0548	Acetylglutamate kinase
COG0549	Carbamate kinase
COG0550	DNA topoisomerase IA
COG0551	ssDNA-binding Zn-finger and Zn-ribbon domains of topoisomerase 1
COG0552	Signal recognition particle GTPase
COG0553	"Superfamily II DNA or RNA helicase, SNF2 family"
COG0554	Glycerol kinase
COG0555	"ABC-type sulfate transport system, permease component"
COG0556	Excinuclease UvrABC helicase subunit UvrB
COG0557	Exoribonuclease R
COG0558	Phosphatidylglycerophosphate synthase
COG0559	"Branched-chain amino acid ABC-type transport system, permease component"
COG0560	Phosphoserine phosphatase
COG0561	Hydroxymethylpyrimidine pyrophosphatase and other HAD family phosphatases
COG0562	UDP-galactopyranose mutase
COG0563	Adenylate kinase or related kinase
COG0564	"Pseudouridylate synthase, 23S rRNA- or tRNA-specific"
COG0565	"tRNA C32,U32 (ribose-2'-O)-methylase TrmJ or a related methyltransferase"
COG0566	tRNA G18 (ribose-2'-O)-methylase SpoU
COG0567	"2-oxoglutarate dehydrogenase complex, dehydrogenase (E1) component, and related enzymes"
COG0568	"DNA-directed RNA polymerase, sigma subunit (sigma70/sigma32)"
COG0569	"Trk K+ transport system, NAD-binding component"
COG0571	dsRNA-specific ribonuclease
COG0572	Uridine kinase
COG0573	"ABC-type phosphate transport system, permease component"
COG0574	Phosphoenolpyruvate synthase/pyruvate phosphate dikinase
COG0575	CDP-diglyceride synthetase
COG0576	Molecular chaperone GrpE (heat shock protein)
COG0577	"ABC-type antimicrobial peptide transport system, permease component"
COG0578	Glycerol-3-phosphate dehydrogenase
COG0579	L-2-hydroxyglutarate oxidase LhgO
COG0580	Glycerol uptake facilitator and related aquaporins (Major Intrinsic Protein Family)
COG0581	"ABC-type phosphate transport system, permease component"
COG0582	Integrase
COG0583	"DNA-binding transcriptional regulator, LysR family"
COG0584	Glycerophosphoryl diester phosphodiesterase
COG0585	tRNA(Glu) U13 pseudouridine synthase TruD
COG0586	"Uncharacterized membrane protein DedA, SNARE-associated domain"
COG0587	"DNA polymerase III, alpha subunit"
COG0588	Phosphoglycerate mutase (BPG-dependent)
COG0589	"Nucleotide-binding universal stress protein, UspA family"
COG0590	tRNA(Arg) A34 adenosine deaminase TadA
COG0591	Na+/proline symporter
COG0592	"DNA polymerase III sliding clamp (beta) subunit, PCNA homolog"
COG0593	Chromosomal replication initiation ATPase DnaA
COG0594	RNase P protein component
COG0595	mRNA degradation ribonuclease J1/J2
COG0596	Pimeloyl-ACP methyl ester carboxylesterase
COG0597	Lipoprotein signal peptidase
COG0598	Mg2+ and Co2+ transporter CorA
COG0599	"Uncharacterized conserved protein YurZ, alkylhydroperoxidase/carboxymuconolactone decarboxylase family"
COG0600	"ABC-type nitrate/sulfonate/bicarbonate transport system, permease component"
COG0601	"ABC-type dipeptide/oligopeptide/nickel transport system, permease component"
COG0602	Organic radical activating enzyme
COG0603	7-cyano-7-deazaguanine synthase (queuosine biosynthesis)
COG0604	NADPH:quinone reductase or related Zn-dependent oxidoreductase
COG0605	Superoxide dismutase
COG0606	Predicted ATPase with chaperone activity
COG0607	Rhodanese-related sulfurtransferase
COG0608	"Single-stranded DNA-specific exonuclease, DHH superfamily, may be involved in archaeal DNA replication intiation"
COG0609	"ABC-type Fe3+-siderophore transport system, permease component"
COG0610	"Type I site-specific restriction-modification system, R (restriction) subunit and related helicases ..."
COG0611	Thiamine monophosphate kinase
COG0612	Predicted Zn-dependent peptidase
COG0613	"Predicted metal-dependent phosphoesterase TrpH, contains PHP domain"
COG0614	"ABC-type Fe3+-hydroxamate transport system, periplasmic component"
COG0615	"Glycerol-3-phosphate cytidylyltransferase, cytidylyltransferase family"
COG0616	"Periplasmic serine protease, ClpP class"
COG0617	tRNA nucleotidyltransferase/poly(A) polymerase
COG0618	"nanoRNase/pAp phosphatase, hydrolyzes c-di-AMP and oligoRNAs"
COG0619	Energy-coupling factor transporter transmembrane protein EcfT
COG0620	Methionine synthase II (cobalamin-independent)
COG0621	tRNA A37 methylthiotransferase MiaB
COG0622	Predicted phosphodiesterase
COG0623	Enoyl-[acyl-carrier-protein] reductase (NADH)
COG0624	Acetylornithine deacetylase/Succinyl-diaminopimelate desuccinylase or related deacylase
COG0625	Glutathione S-transferase
COG0626	Cystathionine beta-lyase/cystathionine gamma-synthase
COG0627	S-formylglutathione hydrolase FrmB
COG0628	Predicted PurR-regulated permease PerM
COG0629	Single-stranded DNA-binding protein
COG0630	Type IV secretory pathway ATPase VirB11/Archaellum biosynthesis ATPase
COG0631	Serine/threonine protein phosphatase PrpC
COG0632	Holliday junction resolvasome RuvABC DNA-binding subunit
COG0633	Ferredoxin
COG0634	Hypoxanthine-guanine phosphoribosyltransferase
COG0635	Coproporphyrinogen III oxidase or related Fe-S oxidoreductase
COG0636	"FoF1-type ATP synthase, membrane subunit c/Archaeal/vacuolar-type H+-ATPase, subunit K"
COG0637	"Beta-phosphoglucomutase or related phosphatase, HAD superfamily"
COG0638	"20S proteasome, alpha and beta subunits"
COG0639	"Diadenosine tetraphosphatase ApaH/serine/threonine protein phosphatase, PP2A family"
COG0640	"DNA-binding transcriptional regulator, ArsR family"
COG0641	"Sulfatase maturation enzyme AslB, radical SAM superfamily"
COG0642	Signal transduction histidine kinase
COG0643	Chemotaxis protein histidine kinase CheA
COG0644	Dehydrogenase (flavoprotein)
COG0645	Predicted kinase
COG0646	"Methionine synthase I (cobalamin-dependent), methyltransferase domain"
COG0647	"Ribonucleotide monophosphatase NagD, HAD superfamily"
COG0648	Endonuclease IV
COG0649	NADH:ubiquinone oxidoreductase 49 kD subunit (chain D)
COG0650	Formate hydrogenlyase subunit 4
COG0651	"Formate hydrogenlyase subunit 3/Multisubunit Na+/H+ antiporter, MnhD subunit"
COG0652	Peptidyl-prolyl cis-trans isomerase (rotamase) - cyclophilin family
COG0653	"Preprotein translocase subunit SecA (ATPase, RNA helicase)"
COG0654	2-polyprenyl-6-methoxyphenol hydroxylase and related FAD-dependent oxidoreductases
COG0655	Multimeric flavodoxin WrbA
COG0656	"Aldo/keto reductase, related to diketogulonate reductase"
COG0657	Acetyl esterase/lipase
COG0658	Predicted membrane metal-binding protein
COG0659	"Sulfate permease or related transporter, MFS superfamily"
COG0661	"Predicted unusual protein kinase regulating ubiquinone biosynthesis, AarF/ABC1/UbiB family"
COG0662	"Mannose-6-phosphate isomerase, cupin superfamily"
COG0663	"Carbonic anhydrase or acetyltransferase, isoleucine patch superfamily"
COG0664	cAMP-binding domain of CRP or a regulatory subunit of cAMP-dependent protein kinases
COG0665	Glycine/D-amino acid oxidase (deaminating)
COG0666	Ankyrin repeat
COG0667	Predicted oxidoreductase (related to aryl-alcohol dehydrogenase)
COG0668	Small-conductance mechanosensitive channel
COG0669	Phosphopantetheine adenylyltransferase
COG0670	"Integral membrane protein, interacts with FtsH"
COG0671	Membrane-associated phospholipid phosphatase
COG0672	High-affinity Fe2+/Pb2+ permease
COG0673	Predicted dehydrogenase
COG0674	"Pyruvate:ferredoxin oxidoreductase or related 2-oxoacid:ferredoxin oxidoreductase, alpha subunit"
COG0675	Transposase
COG0676	D-hexose-6-phosphate mutarotase
COG0677	UDP-N-acetyl-D-mannosaminuronate dehydrogenase
COG0678	Peroxiredoxin
COG0679	Predicted permease
COG0680	"Ni,Fe-hydrogenase maturation factor"
COG0681	Signal peptidase I
COG0682	Prolipoprotein diacylglyceryltransferase
COG0683	"ABC-type branched-chain amino acid transport system, periplasmic component"
COG0684	Regulator of RNase E activity RraA
COG0685	"5,10-methylenetetrahydrofolate reductase"
COG0686	Alanine dehydrogenase
COG0687	Spermidine/putrescine-binding periplasmic protein
COG0688	Phosphatidylserine decarboxylase
COG0689	Ribonuclease PH
COG0690	Preprotein translocase subunit SecE
COG0691	tmRNA-binding protein
COG0692	Uracil DNA glycosylase
COG0693	Putative intracellular protease/amidase
COG0694	"Fe-S cluster biogenesis protein NfuA, 4Fe-4S-binding domain"
COG0695	Glutaredoxin
COG0696	"Phosphoglycerate mutase (BPG-independent, AlkP superfamily)"
COG0697	Permease of the drug/metabolite transporter (DMT) superfamily
COG0698	Ribose 5-phosphate isomerase RpiB
COG0699	Replication fork clamp-binding protein CrfC (dynamin-like GTPase family)
COG0700	Spore maturation protein SpmB (function unknown)
COG0701	"Uncharacterized membrane protein YraQ, UPF0718 family"
COG0702	"Uncharacterized conserved protein YbjT, contains NAD(P)-binding and DUF2867 domains"
COG0703	Shikimate kinase
COG0704	Phosphate uptake regulator
COG0705	"Membrane associated serine protease, rhomboid family"
COG0706	"Membrane protein insertase Oxa1/YidC/SpoIIIJ, required for the localization of integral membrane proteins"
COG0707	UDP-N-acetylglucosamine:LPS N-acetylglucosamine transferase
COG0708	Exonuclease III
COG0709	Selenophosphate synthase
COG0710	3-dehydroquinate dehydratase
COG0711	"FoF1-type ATP synthase, membrane subunit b or b'"
COG0712	"FoF1-type ATP synthase, delta subunit"
COG0713	NADH:ubiquinone oxidoreductase subunit 11 or 4L (chain K)
COG0714	MoxR-like ATPase
COG0715	"ABC-type nitrate/sulfonate/bicarbonate transport system, periplasmic component"
COG0716	Flavodoxin
COG0717	Deoxycytidine triphosphate deaminase
COG0718	Conserved DNA-binding protein YbaB (function unknown)
COG0719	Fe-S cluster assembly scaffold protein SufB
COG0720	6-pyruvoyl-tetrahydropterin synthase
COG0721	Asp-tRNAAsn/Glu-tRNAGln amidotransferase C subunit
COG0722	3-deoxy-D-arabino-heptulosonate 7-phosphate (DAHP) synthase
COG0723	Rieske Fe-S protein
COG0724	RNA recognition motif (RRM) domain
COG0725	"ABC-type molybdate transport system, periplasmic component"
COG0726	"Peptidoglycan/xylan/chitin deacetylase, PgdA/CDA1 family"
COG0727	Fe-S-cluster containining protein
COG0728	"Peptidoglycan biosynthesis protein MviN/MurJ, putative lipid II flippase"
COG0729	Outer membrane translocation and assembly module TamA
COG0730	Uncharacterized membrane protein YfcA
COG0731	"Wyosine [tRNA(Phe)-imidazoG37] synthetase, radical SAM superfamily"
COG0732	Restriction endonuclease S subunit
COG0733	"Na+-dependent transporter, SNF family"
COG0735	Fe2+ or Zn2+ uptake regulation protein
COG0736	Phosphopantetheinyl transferase (holo-ACP synthase)
COG0737	"2',3'-cyclic-nucleotide 2'-phosphodiesterase/5'- or 3'-nucleotidase, 5'-nucleotidase family"
COG0738	Fucose permease
COG0739	"Murein DD-endopeptidase MepM and murein hydrolase activator NlpD, contain LysM domain"
COG0740	"ATP-dependent protease ClpP, protease subunit"
COG0741	Soluble lytic murein transglycosylase and related regulatory proteins (some contain LysM/invasin domains)
COG0742	16S rRNA G966 N2-methylase RsmD
COG0743	1-deoxy-D-xylulose 5-phosphate reductoisomerase
COG0744	Membrane carboxypeptidase (penicillin-binding protein)
COG0745	"DNA-binding response regulator, OmpR family, contains REC and winged-helix (wHTH) domain"
COG0746	Molybdopterin-guanine dinucleotide biosynthesis protein A
COG0747	"ABC-type transport system, periplasmic component"
COG0748	Putative heme iron utilization protein
COG0749	DNA polymerase I - 3'-5' exonuclease and polymerase domains
COG0750	"Membrane-associated protease RseP, regulator of RpoE activity"
COG0751	"Glycyl-tRNA synthetase, beta subunit"
COG0752	"Glycyl-tRNA synthetase, alpha subunit"
COG0753	Catalase
COG0754	Glutathionylspermidine synthase
COG0755	"ABC-type transport system involved in cytochrome c biogenesis, permease component"
COG0756	dUTPase
COG0757	3-dehydroquinate dehydratase
COG0758	Predicted Rossmann fold nucleotide-binding protein DprA/Smf involved in DNA uptake
COG0759	"Membrane-anchored protein YidD, putatitve component of membrane protein insertase Oxa1/YidC/SpoIIIJ"
COG0760	Parvulin-like peptidyl-prolyl isomerase
COG0761	4-Hydroxy-3-methylbut-2-enyl diphosphate reductase IspH
COG0762	"Uncharacterized conserved protein YggT, Ycf19 family"
COG0763	Lipid A disaccharide synthetase
COG0764	3-hydroxymyristoyl/3-hydroxydecanoyl-(acyl carrier protein) dehydratase
COG0765	"ABC-type amino acid transport system, permease component"
COG0766	UDP-N-acetylglucosamine enolpyruvyl transferase
COG0767	"ABC-type transporter Mla maintaining outer membrane lipid asymmetry, permease component MlaE"
COG0768	Cell division protein FtsI/penicillin-binding protein 2
COG0769	UDP-N-acetylmuramyl tripeptide synthase
COG0770	UDP-N-acetylmuramyl pentapeptide synthase
COG0771	UDP-N-acetylmuramoylalanine-D-glutamate ligase
COG0772	"Bacterial cell division protein FtsW, lipid II flippase"
COG0773	UDP-N-acetylmuramate-alanine ligase
COG0774	UDP-3-O-acyl-N-acetylglucosamine deacetylase
COG0775	Nucleoside phosphorylase
COG0776	Bacterial nucleoid DNA-binding protein
COG0777	Acetyl-CoA carboxylase beta subunit
COG0778	Nitroreductase
COG0779	Ribosome maturation factor RimP
COG0780	"NADPH-dependent 7-cyano-7-deazaguanine reductase QueF, C-terminal domain, T-fold superfamily"
COG0781	Transcription termination factor NusB
COG0782	"Transcription elongation factor, GreA/GreB family"
COG0783	DNA-binding ferritin-like protein (oxidative damage protectant)
COG0784	CheY chemotaxis protein or a CheY-like REC (receiver) domain
COG0785	Cytochrome c biogenesis protein CcdA
COG0786	Na+/glutamate symporter
COG0787	Alanine racemase
COG0788	Formyltetrahydrofolate hydrolase
COG0789	"DNA-binding transcriptional regulator, MerR family"
COG0790	TPR repeat
COG0791	"Cell wall-associated hydrolase, NlpC family"
COG0792	Predicted endonuclease distantly related to archaeal Holliday junction resolvase
COG0793	"C-terminal processing protease CtpA/Prc, contains a PDZ domain"
COG0794	D-arabinose 5-phosphate isomerase GutQ
COG0795	"Lipopolysaccharide export LptBFGC system, permease protein LptF"
COG0796	Glutamate racemase
COG0797	"Rare lipoprotein A, peptidoglycan hydrolase digesting ""naked"" glycans, contains C-terminal SPOR domain"
COG0798	"Arsenite efflux pump ArsB, ACR3 family"
COG0799	"Ribosomal silencing factor RsfS, regulates association of 30S and 50S subunits"
COG0800	2-keto-3-deoxy-6-phosphogluconate aldolase
COG0801	"7,8-dihydro-6-hydroxymethylpterin-pyrophosphokinase"
COG0802	tRNA A37 threonylcarbamoyladenosine biosynthesis protein TsaE
COG0803	"ABC-type Zn uptake system ZnuABC, Zn-binding component ZnuA"
COG0804	Urease alpha subunit
COG0805	Sec-independent protein secretion pathway component TatC
COG0806	"Ribosomal 30S subunit maturation factor RimM, required for 16S rRNA processing"
COG0807	GTP cyclohydrolase II
COG0809	S-adenosylmethionine:tRNA-ribosyltransferase-isomerase (queuine synthetase)
COG0810	"Periplasmic protein TonB, links inner and outer membranes"
COG0811	Biopolymer transport protein ExbB/TolQ
COG0812	UDP-N-acetylenolpyruvoylglucosamine reductase
COG0813	Purine-nucleoside phosphorylase
COG0814	Amino acid permease
COG0815	Apolipoprotein N-acyltransferase
COG0816	"RNase H-fold protein, predicted Holliday junction resolvase in Firmicutes and mycoplasms, involved in anti-termination at Rho-dependent terminators"
COG0817	Holliday junction resolvasome RuvABC endonuclease subunit
COG0818	Diacylglycerol kinase
COG0819	Thiaminase
COG0820	Adenine C2-methylase RlmN of 23S rRNA A2503 and tRNA A37
COG0821	4-hydroxy-3-methylbut-2-en-1-yl diphosphate synthase IspG/GcpE
COG0822	NifU homolog involved in Fe-S cluster formation
COG0823	Periplasmic component of the Tol biopolymer transport system
COG0824	Acyl-CoA thioesterase FadM
COG0825	Acetyl-CoA carboxylase alpha subunit
COG0826	"Collagenase-like protease, PrtC family"
COG0827	Adenine-specific DNA methylase
COG0828	Ribosomal protein S21
COG0829	Urease accessory protein UreH
COG0830	Urease accessory protein UreF
COG0831	Urease gamma subunit
COG0832	Urease beta subunit
COG0833	Amino acid permease
COG0834	"ABC-type amino acid transport/signal transduction system, periplasmic component/domain"
COG0835	Chemotaxis signal transduction protein
COG0836	Mannose-1-phosphate guanylyltransferase
COG0837	Glucokinase
COG0838	NADH:ubiquinone oxidoreductase subunit 3 (chain A)
COG0839	NADH:ubiquinone oxidoreductase subunit 6 (chain J)
COG0840	Methyl-accepting chemotaxis protein
COG0841	Multidrug efflux pump subunit AcrB
COG0842	"ABC-type multidrug transport system, permease component"
COG0843	"Heme/copper-type cytochrome/quinol oxidase, subunit 1"
COG0845	Multidrug efflux pump subunit AcrA (membrane-fusion protein)
COG0846	"NAD-dependent protein deacetylase, SIR2 family"
COG0847	"DNA polymerase III, epsilon subunit or related 3'-5' exonuclease"
COG0848	Biopolymer transport protein ExbD
COG0849	Cell division ATPase FtsA
COG0850	Septum formation inhibitor MinC
COG0851	Septum formation topological specificity factor MinE
COG0852	NADH:ubiquinone oxidoreductase 27 kD subunit (chain C)
COG0853	Aspartate 1-decarboxylase
COG0854	Pyridoxine 5'-phosphate synthase PdxJ
COG0855	Polyphosphate kinase
COG0856	Orotate phosphoribosyltransferase homolog
COG0857	BioD-like N-terminal domain of phosphotransacetylase
COG0858	Ribosome-binding factor A
COG0859	ADP-heptose:LPS heptosyltransferase
COG0860	N-acetylmuramoyl-L-alanine amidase
COG0861	"Membrane protein TerC, possibly involved in tellurium resistance"
COG0863	DNA modification methylase
COG0864	"Metal-responsive transcriptional regulator, contains CopG/Arc/MetJ DNA-binding domain"
COG1001	Adenine deaminase
COG1002	"Type II restriction/modification system, DNA methylase subunit YeeA"
COG1003	"Glycine cleavage system protein P (pyridoxal-binding), C-terminal domain"
COG1004	UDP-glucose 6-dehydrogenase
COG1005	NADH:ubiquinone oxidoreductase subunit 1 (chain H)
COG1006	"Multisubunit Na+/H+ antiporter, MnhC subunit"
COG1007	NADH:ubiquinone oxidoreductase subunit 2 (chain N)
COG1008	NADH:ubiquinone oxidoreductase subunit 4 (chain M)
COG1009	"NADH:ubiquinone oxidoreductase subunit 5 (chain L)/Multisubunit Na+/H+ antiporter, MnhA subunit"
COG1010	Precorrin-3B methylase
COG1011	"FMN phosphatase YigB, HAD superfamily"
COG1012	Acyl-CoA reductase or other NAD-dependent aldehyde dehydrogenase
COG1013	"Pyruvate:ferredoxin oxidoreductase or related 2-oxoacid:ferredoxin oxidoreductase, beta subunit"
COG1014	"Pyruvate:ferredoxin oxidoreductase or related 2-oxoacid:ferredoxin oxidoreductase, gamma subunit"
COG1015	Phosphopentomutase
COG1017	Hemoglobin-like flavoprotein
COG1018	Ferredoxin-NADP reductase
COG1019	Phosphopantetheine adenylyltransferase
COG1020	Non-ribosomal peptide synthetase component F
COG1021	Non-ribosomal peptide synthetase component E (peptide arylation enzyme)
COG1022	Long-chain acyl-CoA synthetase (AMP-forming)
COG1023	6-phosphogluconate dehydrogenase (decarboxylating)
COG1024	Enoyl-CoA hydratase/carnithine racemase
COG1025	"Secreted/periplasmic Zn-dependent peptidases, insulinase-like"
COG1026	"Zn-dependent peptidase, M16 (insulinase) family"
COG1027	Aspartate ammonia-lyase
COG1028	"NAD(P)-dependent dehydrogenase, short-chain alcohol dehydrogenase family"
COG1029	Formylmethanofuran dehydrogenase subunit B
COG1030	Membrane-bound serine protease (ClpP class)
COG1031	Radical SAM superfamily enzyme with C-terminal helix-hairpin-helix motif
COG1032	"Radical SAM superfamily enzyme YgiQ, UPF0313 family"
COG1033	"Predicted exporter protein, RND superfamily"
COG1034	NADH dehydrogenase/NADH:ubiquinone oxidoreductase 75 kD subunit (chain G)
COG1035	"Coenzyme F420-reducing hydrogenase, beta subunit"
COG1036	Archaeal flavoprotein
COG1038	Pyruvate carboxylase
COG1039	Ribonuclease HIII
COG1040	Predicted amidophosphoribosyltransferases
COG1041	tRNA G10 N-methylase Trm11
COG1042	Acyl-CoA synthetase (NDP forming)
COG1043	Acyl-[acyl carrier protein]--UDP-N-acetylglucosamine O-acyltransferase
COG1044	UDP-3-O-[3-hydroxymyristoyl] glucosamine N-acyltransferase
COG1045	Serine acetyltransferase
COG1047	FKBP-type peptidyl-prolyl cis-trans isomerase 2
COG1048	Aconitase A
COG1049	Aconitase B
COG1051	"ADP-ribose pyrophosphatase YjhB, NUDIX family"
COG1052	Lactate dehydrogenase or related 2-hydroxyacid dehydrogenase
COG1053	"Succinate dehydrogenase/fumarate reductase, flavoprotein subunit"
COG1054	Predicted sulfurtransferase
COG1055	Na+/H+ antiporter NhaD or related arsenite permease
COG1056	Nicotinamide mononucleotide adenylyltransferase
COG1057	Nicotinic acid mononucleotide adenylyltransferase
COG1058	Predicted nucleotide-utilizing enzyme related to molybdopterin-biosynthesis enzyme MoeA
COG1059	Thermostable 8-oxoguanine DNA glycosylase
COG1060	"2-iminoacetate synthase ThiH (tyrosine cleavage enzyme, thamine biosynthesis)"
COG1061	Superfamily II DNA or RNA helicase
COG1062	Zn-dependent alcohol dehydrogenase
COG1063	Threonine dehydrogenase or related Zn-dependent dehydrogenase
COG1064	"D-arabinose 1-dehydrogenase, Zn-dependent alcohol dehydrogenase family"
COG1066	Predicted ATP-dependent serine protease
COG1067	Predicted ATP-dependent protease
COG1069	Ribulose kinase
COG1070	Sugar (pentulose or hexulose) kinase
COG1071	TPP-dependent pyruvate or acetoin dehydrogenase subunit alpha
COG1072	Panthothenate kinase
COG1073	"Fermentation-respiration switch protein FrsA, has esterase activity, DUF1100 family"
COG1074	ATP-dependent exoDNAse (exonuclease V) beta subunit (contains helicase and exonuclease domains)
COG1075	"Triacylglycerol esterase/lipase EstA, alpha/beta hydrolase fold"
COG1076	DnaJ-domain-containing proteins 1
COG1077	Actin-like ATPase involved in cell morphogenesis
COG1078	HD superfamily phosphohydrolase
COG1079	"ABC-type uncharacterized transport system, permease component"
COG1080	Phosphoenolpyruvate-protein kinase (PTS system EI component in bacteria)
COG1082	Sugar phosphate isomerase/epimerase
COG1083	CMP-N-acetylneuraminic acid synthetase
COG1084	"GTP-binding protein, GTP1/Obg family"
COG1085	Galactose-1-phosphate uridylyltransferase
COG1086	"NDP-sugar epimerase, includes UDP-GlcNAc-inverting 4,6-dehydratase FlaA1 and capsular polysaccharide biosynthesis protein EpsC"
COG1087	UDP-glucose 4-epimerase
COG1088	"dTDP-D-glucose 4,6-dehydratase"
COG1089	GDP-D-mannose dehydratase
COG1090	NAD dependent epimerase/dehydratase family enzyme
COG1091	dTDP-4-dehydrorhamnose reductase
COG1092	23S rRNA G2069 N7-methylase RlmK or C1962 C5-methylase RlmI
COG1093	"Translation initiation factor 2, alpha subunit (eIF-2alpha)"
COG1094	"rRNA processing protein Krr1/Pno1, contains KH domain"
COG1095	"DNA-directed RNA polymerase, subunit E'/Rpb7"
COG1096	"Exosome complex RNA-binding protein Csl4, contains S1 and Zn-ribbon domains"
COG1097	"Exosome complex RNA-binding protein Rrp4, contains S1 and KH domains"
COG1098	"Predicted RNA-binding protein, contains ribosomal protein S1 (RPS1) domain"
COG1099	"Predicted metal-dependent hydrolase, TIM-barrel fold"
COG1100	GTPase SAR1 family domain
COG1101	"ABC-type uncharacterized transport system, ATPase component"
COG1102	Cytidylate kinase
COG1103	Archaeal Cys-tRNA synthase (O-phospho-L-seryl-tRNA:Cys-tRNA synthase)
COG1104	Cysteine sulfinate desulfinase/cysteine desulfurase or related enzyme
COG1105	Fructose-1-phosphate kinase or kinase (PfkB)
COG1106	"ATPase/GTPase, AAA15 family"
COG1107	"Archaea-specific RecJ-like exonuclease, contains DnaJ-type Zn finger domain"
COG1108	"ABC-type Mn2+/Zn2+ transport system, permease component"
COG1109	Phosphomannomutase
COG1110	Reverse gyrase
COG1111	ERCC4-related helicase
COG1112	Superfamily I DNA and/or RNA helicase
COG1113	L-asparagine transporter and related permeases
COG1114	Branched-chain amino acid permeases
COG1115	Na+/alanine symporter
COG1116	"ABC-type nitrate/sulfonate/bicarbonate transport system, ATPase component"
COG1117	"ABC-type phosphate transport system, ATPase component"
COG1118	"ABC-type sulfate/molybdate transport systems, ATPase component"
COG1119	"ABC-type molybdenum transport system, ATPase component/photorepair protein PhrA"
COG1120	"ABC-type cobalamin/Fe3+-siderophores transport system, ATPase component"
COG1121	"ABC-type Mn2+/Zn2+ transport system, ATPase component"
COG1122	Energy-coupling factor transporter ATP-binding protein EcfA2
COG1123	"ABC-type glutathione transport system ATPase component, contains duplicated ATPase domain"
COG1124	"ABC-type dipeptide/oligopeptide/nickel transport system, ATPase component"
COG1125	"ABC-type proline/glycine betaine transport system, ATPase component"
COG1126	"ABC-type polar amino acid transport system, ATPase component"
COG1127	"ABC-type transporter Mla maintaining outer membrane lipid asymmetry, ATPase component MlaF"
COG1129	"ABC-type sugar transport system, ATPase component"
COG1131	"ABC-type multidrug transport system, ATPase component"
COG1132	"ABC-type multidrug transport system, ATPase and permease component"
COG1133	"ABC-type long-chain fatty acid transport system, fused permease and ATPase components"
COG1134	"ABC-type polysaccharide/polyol phosphate transport system, ATPase component"
COG1135	"ABC-type methionine transport system, ATPase component"
COG1136	"ABC-type lipoprotein export system, ATPase component"
COG1137	"ABC-type lipopolysaccharide export system, ATPase component"
COG1138	Cytochrome c biogenesis factor
COG1139	"L-lactate utilization protein LutB, contains a ferredoxin-type domain"
COG1140	Nitrate reductase beta subunit
COG1141	Ferredoxin
COG1142	Fe-S-cluster-containing hydrogenase component 2
COG1143	Formate hydrogenlyase subunit 6/NADH:ubiquinone oxidoreductase 23 kD subunit (chain I)
COG1144	"Pyruvate:ferredoxin oxidoreductase or related 2-oxoacid:ferredoxin oxidoreductase, delta subunit"
COG1145	Ferredoxin
COG1146	"NAD-dependent dihydropyrimidine dehydrogenase, PreA subunit"
COG1148	"Heterodisulfide reductase, subunit A (polyferredoxin)"
COG1149	"MinD superfamily P-loop ATPase, contains an inserted ferredoxin domain"
COG1150	"Heterodisulfide reductase, subunit C"
COG1151	Hydroxylamine reductase (hybrid-cluster protein)
COG1152	CO dehydrogenase/acetyl-CoA synthase alpha subunit
COG1153	Formylmethanofuran dehydrogenase subunit D
COG1154	Deoxyxylulose-5-phosphate synthase
COG1155	Archaeal/vacuolar-type H+-ATPase catalytic subunit A/Vma1
COG1156	Archaeal/vacuolar-type H+-ATPase subunit B/Vma2
COG1157	Flagellar biosynthesis/type III secretory pathway ATPase
COG1158	Transcription termination factor Rho
COG1159	"GTPase Era, involved in 16S rRNA processing"
COG1160	Predicted GTPases
COG1161	Ribosome biogenesis GTPase A
COG1162	Putative ribosome biogenesis GTPase RsgA
COG1163	Ribosome-interacting GTPase 1
COG1164	Oligoendopeptidase F
COG1165	2-succinyl-5-enolpyruvyl-6-hydroxy-3-cyclohexene-1-carboxylate synthase
COG1166	Arginine decarboxylase (spermidine biosynthesis)
COG1167	"DNA-binding transcriptional regulator, MocR family, contains an aminotransferase domain"
COG1168	Bifunctional PLP-dependent enzyme with beta-cystathionase and maltose regulon repressor activities
COG1169	Isochorismate synthase EntC
COG1171	Threonine dehydratase
COG1172	"Ribose/xylose/arabinose/galactoside ABC-type transport system, permease component"
COG1173	"ABC-type dipeptide/oligopeptide/nickel transport system, permease component"
COG1174	"ABC-type proline/glycine betaine transport system, permease component"
COG1175	"ABC-type sugar transport system, permease component"
COG1176	"ABC-type spermidine/putrescine transport system, permease component I"
COG1177	"ABC-type spermidine/putrescine transport system, permease component II"
COG1178	"ABC-type Fe3+ transport system, permease component"
COG1179	tRNA A37 threonylcarbamoyladenosine dehydratase
COG1180	Pyruvate-formate lyase-activating enzyme
COG1181	D-alanine-D-alanine ligase and related ATP-grasp enzymes
COG1182	FMN-dependent NADH-azoreductase
COG1183	Phosphatidylserine synthase
COG1184	"Translation initiation factor 2B subunit, eIF-2B alpha/beta/delta family"
COG1185	Polyribonucleotide nucleotidyltransferase (polynucleotide phosphorylase)
COG1186	Protein chain release factor B
COG1187	"16S rRNA U516 pseudouridylate synthase RsuA and related 23S rRNA U2605, pseudouridylate synthases"
COG1188	"Ribosomal 50S subunit-recycling heat shock protein, contains S4 domain"
COG1189	"Predicted rRNA methylase YqxC, contains S4 and FtsJ domains"
COG1190	Lysyl-tRNA synthetase (class II)
COG1191	DNA-directed RNA polymerase specialized sigma subunit
COG1192	Cellulose biosynthesis protein BcsQ
COG1193	dsDNA-specific endonuclease/ATPase MutS2
COG1194	"Adenine-specific DNA glycosylase, acts on AG and A-oxoG pairs"
COG1195	Recombinational DNA repair ATPase RecF
COG1196	Chromosome segregation ATPase
COG1197	Transcription-repair coupling factor (superfamily II helicase)
COG1198	Primosomal protein N' (replication factor Y) - superfamily II helicase
COG1199	Rad3-related DNA helicase
COG1200	RecG-like helicase
COG1201	Lhr-like helicase
COG1202	"Superfamily II helicase, archaea-specific"
COG1203	CRISPR/Cas system-associated endonuclease/helicase Cas3
COG1204	Replicative superfamily II helicase
COG1205	"ATP-dependent helicase YprA, contains C-terminal metal-binding DUF1998 domain"
COG1206	Folate-dependent tRNA-U54 methylase TrmFO/GidA
COG1207	"Bifunctional protein GlmU, N-acetylglucosamine-1-phosphate-uridyltransferase/glucosamine-1-phosphate-acetyltransferase"
COG1208	"NDP-sugar pyrophosphorylase, includes eIF-2Bgamma, eIF-2Bepsilon, and LPS biosynthesis proteins"
COG1209	dTDP-glucose pyrophosphorylase
COG1210	UTP-glucose-1-phosphate uridylyltransferase
COG1211	2-C-methyl-D-erythritol 4-phosphate cytidylyltransferase
COG1212	CMP-2-keto-3-deoxyoctulosonic acid synthetase
COG1213	Choline kinase
COG1214	tRNA A37 threonylcarbamoyladenosine modification protein TsaB
COG1215	"Glycosyltransferase, catalytic subunit of cellulose synthase and poly-beta-1,6-N-acetylglucosamine synthase"
COG1216	"Glycosyltransferase, GT2 family"
COG1217	Predicted membrane GTPase involved in stress response
COG1218	3'-Phosphoadenosine 5'-phosphosulfate (PAPS) 3'-phosphatase
COG1219	"ATP-dependent protease Clp, ATPase subunit"
COG1220	"ATP-dependent protease HslVU (ClpYQ), ATPase subunit"
COG1221	Transcriptional regulators containing an AAA-type ATPase domain and a DNA-binding domain
COG1222	ATP-dependent 26S proteasome regulatory subunit
COG1223	"Predicted ATPase, AAA+ superfamily"
COG1224	"DNA helicase TIP49, TBP-interacting protein"
COG1225	Peroxiredoxin
COG1226	Voltage-gated potassium channel Kch
COG1227	Inorganic pyrophosphatase/exopolyphosphatase
COG1228	Imidazolonepropionase or related amidohydrolase
COG1229	Formylmethanofuran dehydrogenase subunit A
COG1230	Co/Zn/Cd efflux system component
COG1231	Monoamine oxidase
COG1232	Protoporphyrinogen oxidase
COG1233	Phytoene dehydrogenase-related protein
COG1234	"Ribonuclease BN, tRNA processing enzyme"
COG1235	"Phosphoribosyl 1,2-cyclic phosphodiesterase"
COG1236	"RNA processing exonuclease, beta-lactamase fold, Cft2 family"
COG1237	"Metal-dependent hydrolase, beta-lactamase superfamily II"
COG1238	"Uncharacterized membrane protein YqaA, SNARE-associated domain"
COG1239	Mg-chelatase subunit ChlI
COG1240	Mg-chelatase subunit ChlD
COG1241	"DNA replicative helicase MCM subunit Mcm2, Cdc46/Mcm family"
COG1242	Radical SAM superfamily enzyme
COG1243	"Histone acetyltransferase, component of the RNA polymerase elongator complex"
COG1244	Uncharacterized Fe-S cluster-containing protein. MiaB family
COG1245	"Translation initiation factor RLI1, contains Fe-S and AAA+ ATPase domains"
COG1246	"N-acetylglutamate synthase or related acetyltransferase, GNAT family"
COG1247	L-amino acid N-acyltransferase YncA
COG1249	"Pyruvate/2-oxoglutarate dehydrogenase complex, dihydrolipoamide dehydrogenase (E3) component or related enzyme"
COG1250	3-hydroxyacyl-CoA dehydrogenase
COG1251	"NAD(P)H-nitrite reductase, large subunit"
COG1252	"NADH dehydrogenase, FAD-containing subunit"
COG1253	"Hemolysin or related protein, contains CBS domains"
COG1254	Acylphosphatase
COG1255	"Uncharacterized protein, UPF0146 family"
COG1256	Flagellar hook-associated protein FlgK
COG1257	Hydroxymethylglutaryl-CoA reductase
COG1258	tRNA U54 and U55 pseudouridine synthase Pus10
COG1259	Bifunctional DNase/RNase
COG1260	Myo-inositol-1-phosphate synthase
COG1261	Flagella basal body P-ring formation protein FlgA
COG1262	"Formylglycine-generating enzyme, required for sulfatase activity, contains SUMF1/FGE domain"
COG1263	"Phosphotransferase system IIC components, glucose/maltose/N-acetylglucosamine-specific"
COG1264	Phosphotransferase system IIB components
COG1266	"Membrane protease YdiL, CAAX protease family"
COG1267	Phosphatidylglycerophosphatase A
COG1268	Biotin transporter BioY
COG1269	Archaeal/vacuolar-type H+-ATPase subunit I/STV1
COG1270	Cobalamin biosynthesis protein CobD/CbiB
COG1271	"Cytochrome bd-type quinol oxidase, subunit 1"
COG1272	"Predicted membrane channel-forming protein YqfA, hemolysin III family"
COG1273	"Non-homologous end joining protein Ku, dsDNA break repair"
COG1274	"Phosphoenolpyruvate carboxykinase, GTP-dependent"
COG1275	Tellurite resistance protein TehA and related permeases
COG1276	Putative copper export protein
COG1277	"ABC-type transport system involved in multi-copper enzyme maturation, permease component"
COG1278	"Cold shock protein, CspA family"
COG1279	Arginine exporter protein ArgO
COG1280	Threonine/homoserine/homoserine lactone efflux protein
COG1281	"Redox-regulated molecular chaperone, HSP33 family"
COG1282	NAD/NADP transhydrogenase beta subunit
COG1283	Na+/phosphate symporter
COG1284	"Uncharacterized membrane-anchored protein YitT, contains DUF161 and DUF2179 domains"
COG1285	"Uncharacterized membrane protein YhiD, involved in acid resistance"
COG1286	"Uncharacterized membrane protein, required for colicin V production"
COG1287	"Asparagine N-glycosylation enzyme, membrane subunit Stt3"
COG1288	"Uncharacterized membrane protein YfcC, ion transporter superfamily"
COG1289	Uncharacterized membrane protein YccC
COG1290	Cytochrome b subunit of the bc complex
COG1291	Flagellar motor component MotA
COG1292	Choline-glycine betaine transporter
COG1293	"Predicted component of the ribosome quality control (RQC) complex, YloA/Tae2 family, contains fibronectin-binding (FbpA) and DUF814 domains"
COG1294	"Cytochrome bd-type quinol oxidase, subunit 2"
COG1295	"Uncharacterized membrane protein, BrkB/YihY/UPF0761 family (not an RNase)"
COG1296	Predicted branched-chain amino acid permease (azaleucine resistance)
COG1297	"Uncharacterized membrane protein, oligopeptide transporter (OPT) family"
COG1298	"Flagellar biosynthesis pathway, component FlhA"
COG1299	"Phosphotransferase system, fructose-specific IIC component"
COG1300	"Uncharacterized membrane protein SpoIIM, required for sporulation"
COG1301	Na+/H+-dicarboxylate symporter
COG1302	"Uncharacterized conserved protein YloU, alkaline shock protein (Asp23) family"
COG1303	"Predicted rRNA methylase, SpoU family"
COG1304	"FMN-dependent dehydrogenase, includes L-lactate dehydrogenase and type II isopentenyl diphosphate isomerase"
COG1305	"Transglutaminase-like enzyme, putative cysteine protease"
COG1306	Uncharacterized protein
COG1307	Fatty acid-binding protein DegV (function unknown)
COG1308	Transcription factor homologous to NACalpha-BTF3
COG1309	"DNA-binding transcriptional regulator, AcrR family"
COG1310	"Proteasome lid subunit RPN8/RPN11, contains Jab1/MPN domain metalloenzyme (JAMM) motif"
COG1311	"Archaeal DNA polymerase II, small subunit/DNA polymerase delta, subunit B"
COG1312	D-mannonate dehydratase
COG1313	"Uncharacterized Fe-S protein PflX, radical SAM superfamily"
COG1314	Preprotein translocase subunit SecG
COG1315	"Uncharacterized conserved protein, DUF342 family"
COG1316	"Anionic cell wall polymer biosynthesis enzyme, LytR-Cps2A-Psr (LCP) family"
COG1317	Flagellar biosynthesis/type III secretory pathway protein FliH
COG1318	Predicted transcriptional regulator
COG1319	"CO or xanthine dehydrogenase, FAD-binding subunit"
COG1320	"Multisubunit Na+/H+ antiporter, MnhG subunit"
COG1321	"Mn-dependent transcriptional regulator, DtxR family"
COG1322	DNA anti-recombination protein (rearrangement mutator) RmuC
COG1323	Predicted nucleotidyltransferase
COG1324	Uncharacterized protein involved in tolerance to divalent cations
COG1325	"Exosome subunit, RNA binding protein with dsRBD fold"
COG1326	Uncharacterized archaeal Zn-finger protein
COG1327	"Transcriptional regulator NrdR, contains Zn-ribbon and ATP-cone domains"
COG1328	Anaerobic ribonucleoside-triphosphate reductase
COG1329	"RNA polymerase-interacting regulator, CarD/CdnL/TRCF family"
COG1330	Exonuclease V gamma subunit
COG1331	"Uncharacterized conserved protein YyaL, SSP411 family, contains thoiredoxin and six-hairpin glycosidase-like domains"
COG1332	"CRISPR/Cas system CSM-associated protein Csm5, group 7 of RAMP superfamily"
COG1333	Cytochrome c biogenesis protein ResB
COG1334	"Uncharacterized conserved protein, FlaG/YvyC family"
COG1335	Nicotinamidase-related amidase
COG1336	"CRISPR/Cas system CMR subunit Cmr4, Cas7 group, RAMP superfamily"
COG1337	"CRISPR/Cas system CSM-associated protein Csm3, group 7 of RAMP superfamily"
COG1338	Flagellar biosynthetic protein FliP
COG1339	Archaeal CTP-dependent riboflavin kinase
COG1340	"Uncharacterized coiled-coil protein, contains DUF342 domain"
COG1341	"Polynucleotide 5'-kinase, involved in rRNA processing"
COG1342	"Predicted DNA-binding protein, UPF0251 family"
COG1343	CRISPR/Cas system-associated endoribonuclease Cas2
COG1344	Flagellin and related hook-associated protein FlgL
COG1345	Flagellar capping protein FliD
COG1346	Putative effector of murein hydrolase
COG1347	"Na+-transporting NADH:ubiquinone oxidoreductase, subunit NqrD"
COG1348	"Nitrogenase subunit NifH, an ATPase"
COG1349	"DNA-binding transcriptional regulator of sugar metabolism, DeoR/GlpR family"
COG1350	Predicted alternative tryptophan synthase beta-subunit (paralog of TrpB)
COG1351	Thymidylate synthase ThyX
COG1352	Methylase of chemotaxis methyl-accepting proteins
COG1353	"CRISPR/Cas system-associated protein Cas10, large subunit of type III CRISPR-Cas systems, contains HD superfamily nuclease domain"
COG1354	"Chromatin segregation and condensation protein Rec8/ScpA/Scc1, kleisin family"
COG1355	"Predicted class III extradiol dioxygenase, MEMO1 family"
COG1356	Transcriptional regulator
COG1357	"Uncharacterized protein YjbI, contains pentapeptide repeats"
COG1358	Ribosomal protein L7Ae or related RNA K-turn-binding protein
COG1359	Quinol monooxygenase YgiN
COG1360	Flagellar motor protein MotB
COG1361	Uncharacterized conserved protein
COG1362	Aspartyl aminopeptidase
COG1363	Putative aminopeptidase FrvX
COG1364	N-acetylglutamate synthase (N-acetylornithine aminotransferase)
COG1365	"Predicted ATPase, PP-loop superfamily"
COG1366	Anti-anti-sigma regulatory factor (antagonist of anti-sigma factor)
COG1367	"CRISPR/Cas system CMR-associated protein Cmr1, group 7 of RAMP superfamily"
COG1368	Phosphoglycerol transferase MdoB or a related enzyme of AlkP superfamily
COG1369	RNase P/RNase MRP subunit POP5
COG1370	"tRNA-guanine transglycosylase, archaeosine-15-forming"
COG1371	SHS2 domain protein implicated in nucleic acid metabolism
COG1372	Intein/homing endonuclease
COG1373	"Predicted ATPase, AAA+ superfamily"
COG1374	"Rbosome biogenesis protein Nip4, contains PUA domain"
COG1376	Lipoprotein-anchoring transpeptidase ErfK/SrfK
COG1377	Flagellar biosynthesis protein FlhB
COG1378	Sugar-specific transcriptional regulator TrmB
COG1379	PHP family phosphoesterase with a Zn ribbon
COG1380	"Putative effector of murein hydrolase LrgA, UPF0299 family"
COG1381	Recombinational DNA repair protein (RecF pathway)
COG1382	"Prefoldin, chaperonin cofactor"
COG1383	Ribosomal protein S17E
COG1384	"Lysyl-tRNA synthetase, class I"
COG1385	16S rRNA U1498 N3-methylase RsmE
COG1386	Chromosome segregation and condensation protein ScpB
COG1387	Histidinol phosphatase or related hydrolase of the PHP family
COG1388	LysM repeat
COG1389	"DNA topoisomerase VI, subunit B"
COG1390	Archaeal/vacuolar-type H+-ATPase subunit E/Vma4
COG1391	Glutamine synthetase adenylyltransferase
COG1392	"Uncharacterized conserved protein YkaA, distantly related to PhoU, UPF0111/DUF47 family"
COG1393	"Arsenate reductase and related proteins, glutaredoxin family"
COG1394	Archaeal/vacuolar-type H+-ATPase subunit D/Vma8
COG1395	Predicted transcriptional regulator
COG1396	"Transcriptional regulator, contains XRE-family HTH domain"
COG1397	ADP-ribosylglycohydrolase
COG1398	Fatty-acid desaturase
COG1399	"Uncharacterized metal-binding protein YceD, DUF177 family"
COG1400	Signal recognition particle subunit SEC65
COG1401	"5-methylcytosine-specific restriction endonuclease McrBC, GTP-binding regulatory subunit McrB"
COG1402	Creatinine amidohydrolase/Fe(II)-dependent formamide hydrolase involved in riboflavin and F420 biosynthesis
COG1403	5-methylcytosine-specific restriction endonuclease McrA
COG1404	"Serine protease, subtilisin family"
COG1405	"Transcription initiation factor TFIIIB, Brf1 subunit/Transcription initiation factor TFIIB"
COG1406	"Chemotaxis protein CheX, a CheY~P-specific phosphatase"
COG1407	Metallophosphoesterase superfamily enzyme
COG1408	"Predicted phosphohydrolase, MPP superfamily"
COG1409	"3',5'-cyclic AMP phosphodiesterase CpdA"
COG1410	"Methionine synthase I, cobalamin-binding domain"
COG1411	Uncharacterized protein related to proFAR isomerase (HisA)
COG1412	rRNA-processing protein FCF1
COG1413	HEAT repeat
COG1414	"DNA-binding transcriptional regulator, IclR family"
COG1415	Uncharacterized protein
COG1416	"Intracellular sulfur oxidation protein, DsrE/DsrF family"
COG1417	Uncharacterized protein
COG1418	"HD superfamily phosphodieaserase, includes HD domain of RNase Y"
COG1419	Flagellar biosynthesis GTPase FlhF
COG1420	Transcriptional regulator of heat shock response
COG1421	"CRISPR/Cas system CSM-associated protein Csm2, small subunit"
COG1422	"Uncharacterized archaeal membrane protein, DUF106 family, distantly related to YidC/Oxa1"
COG1423	"ATP-dependent RNA circularization protein, DNA/RNA ligase (PAB1020) family"
COG1424	Pimeloyl-CoA synthetase
COG1426	"Cytoskeletal protein RodZ, contains Xre-like HTH and DUF4115 domains"
COG1427	Predicted periplasmic solute-binding protein
COG1428	Deoxyadenosine/deoxycytidine kinase
COG1429	"Cobalamin biosynthesis protein CobN, Mg-chelatase"
COG1430	"Uncharacterized conserved membrane protein, UPF0127 family"
COG1431	"Argonaute homolog, implicated in RNA metabolism and viral defense"
COG1432	"Uncharacterized conserved protein, LabA/DUF88 family"
COG1433	"Predicted Fe-Mo cluster-binding protein, NifX family"
COG1434	"Uncharacterized SAM-binding protein YcdF, DUF218 family"
COG1435	Thymidine kinase
COG1436	Archaeal/vacuolar-type H+-ATPase subunit F/Vma7
COG1437	"Adenylate cyclase class IV, CYTH domain (includes archaeal enzymes of unknown function)"
COG1438	Arginine repressor
COG1439	rRNA maturation endonuclease Nob1
COG1440	Phosphotransferase system cellobiose-specific component IIB
COG1441	O-succinylbenzoate synthase
COG1442	"Lipopolysaccharide biosynthesis protein, LPS:glycosyltransferase"
COG1443	Isopentenyldiphosphate isomerase
COG1444	tRNA(Met) C34 N-acetyltransferase TmcA
COG1445	Phosphotransferase system fructose-specific component IIB
COG1446	"Isoaspartyl peptidase or L-asparaginase, Ntn-hydrolase superfamily"
COG1447	Phosphotransferase system cellobiose-specific component IIA
COG1448	Aspartate/tyrosine/aromatic aminotransferase
COG1449	"Alpha-amylase/alpha-mannosidase, GH57 family"
COG1450	Type II secretory pathway component GspD/PulD (secretin)
COG1451	Predicted metal-dependent hydrolase
COG1452	LPS assembly outer membrane protein LptD (organic solvent tolerance protein OstA)
COG1453	Predicted oxidoreductase of the aldo/keto reductase family
COG1454	"Alcohol dehydrogenase, class IV"
COG1455	Phosphotransferase system cellobiose-specific component IIC
COG1456	CO dehydrogenase/acetyl-CoA synthase gamma subunit (corrinoid Fe-S protein)
COG1457	Purine-cytosine permease or related protein
COG1458	"Predicted DNA-binding protein containing PIN domain, UPF0278 family"
COG1459	"Type II secretory pathway, component PulF"
COG1460	"DNA-directed RNA polymerase, subunit F"
COG1461	Predicted kinase related to dihydroxyacetone kinase
COG1462	Curli biogenesis system outer membrane secretion channel CsgG
COG1463	"ABC-type transporter Mla maintaining outer membrane lipid asymmetry, periplasmic component MlaD"
COG1464	"ABC-type metal ion transport system, periplasmic component/surface antigen"
COG1465	"3-dehydroquinate synthase, class II"
COG1466	"DNA polymerase III, delta subunit"
COG1467	"Eukaryotic-type DNA primase, catalytic (small) subunit"
COG1468	"CRISPR/Cas system-associated exonuclease Cas4, RecB family"
COG1469	GTP cyclohydrolase FolE2
COG1470	Uncharacterized membrane protein
COG1471	Ribosomal protein S4E
COG1472	Periplasmic beta-glucosidase and related glycosidases
COG1473	Metal-dependent amidase/aminoacylase/carboxypeptidase
COG1474	"Cdc6-related protein, AAA superfamily ATPase"
COG1475	"Chromosome segregation protein Spo0J, contains ParB-like nuclease domain"
COG1476	"DNA-binding transcriptional regulator, XRE-family HTH domain"
COG1477	Thiamine biosynthesis lipoprotein ApbE
COG1478	F420-0:Gamma-glutamyl ligase (F420 biosynthesis)
COG1479	"Uncharacterized conserved protein, contains ParB-like and HNH nuclease domains"
COG1480	Membrane-associated HD superfamily phosphohydrolase
COG1481	"DNA-binding transcriptional regulator WhiA, involved in cell division"
COG1482	"Mannose-6-phosphate isomerase, class I"
COG1483	"Predicted ATPase, AAA+ superfamily"
COG1484	DNA replication protein DnaC
COG1485	Predicted ATPase
COG1486	"Alpha-galactosidase/6-phospho-beta-glucosidase, family 4 of glycosyl hydrolase"
COG1487	"Predicted nucleic acid-binding protein, contains PIN domain"
COG1488	Nicotinic acid phosphoribosyltransferase
COG1489	"DNA-binding protein, stimulates sugar fermentation"
COG1490	D-Tyr-tRNAtyr deacylase
COG1491	Predicted nucleic acid-binding OB-fold protein
COG1492	Cobyric acid synthase
COG1493	"Serine kinase of the HPr protein, regulates carbohydrate metabolism"
COG1494	"Fructose-1,6-bisphosphatase/sedoheptulose 1,7-bisphosphatase or related protein"
COG1495	Disulfide bond formation protein DsbB
COG1496	Copper oxidase (laccase) domain
COG1497	Predicted transcriptional regulator
COG1498	"RNA processing factor Prp31, contains Nop domain"
COG1499	NMD protein affecting ribosome stability and mRNA decay
COG1500	Ribosome maturation protein Sdo1
COG1501	"Alpha-glucosidase, glycosyl hydrolase family GH31"
COG1502	Phosphatidylserine/phosphatidylglycerophosphate/cardiolipin synthase or related enzyme
COG1503	Peptide chain release factor 1 (eRF1)
COG1504	Uncharacterized protein
COG1505	"Prolyl oligopeptidase PreP, S9A serine peptidase family"
COG1506	Dipeptidyl aminopeptidase/acylaminoacyl peptidase
COG1507	Uncharacterized protein
COG1508	"DNA-directed RNA polymerase specialized sigma subunit, sigma54 homolog"
COG1509	"L-lysine 2,3-aminomutase (EF-P beta-lysylation pathway)"
COG1510	"DNA-binding transcriptional regulator GbsR, MarR family"
COG1511	"Uncharacterized membrane protein YhgE, phage infection protein (PIP) family"
COG1512	"Uncharacterized membrane protein YgcG, contains a TPM-fold domain"
COG1513	Cyanate lyase
COG1514	2'-5' RNA ligase
COG1515	Deoxyinosine 3'endonuclease (endonuclease V)
COG1516	Flagellin-specific chaperone FliS
COG1517	"CRISPR/Cas system-associated protein Csx1, contains CARF domain"
COG1518	CRISPR/Cas system-associated endonuclease Cas1
COG1519	3-deoxy-D-manno-octulosonic-acid transferase
COG1520	"Outer membrane protein assembly factor BamB, contains PQQ-like beta-propeller repeat"
COG1521	Pantothenate kinase type III
COG1522	"DNA-binding transcriptional regulator, Lrp family"
COG1523	Pullulanase/glycogen debranching enzyme
COG1524	"Predicted pyrophosphatase or phosphodiesterase, AlkP superfamily"
COG1525	"Endonuclease YncB, thermonuclease family"
COG1526	Formate dehydrogenase assembly factor FdhD
COG1527	Archaeal/vacuolar-type H+-ATPase subunit C/Vma6
COG1528	Ferritin
COG1529	"CO or xanthine dehydrogenase, Mo-binding subunit"
COG1530	Ribonuclease G or E
COG1531	"Uncharacterized protein, UPF0248 family"
COG1532	Predicted RNA-binding protein
COG1533	DNA repair photolyase
COG1534	RNA-binding protein YhbY
COG1535	Isochorismate hydrolase
COG1536	Flagellar motor switch protein FliG
COG1537	"Stalled ribosome rescue protein Dom34, pelota family"
COG1538	Outer membrane protein TolC
COG1539	Dihydroneopterin aldolase
COG1540	Lactam utilization protein B (function unknown)
COG1541	"Phenylacetate-coenzyme A ligase PaaK, adenylate-forming domain family"
COG1542	Uncharacterized protein
COG1543	"Predicted glycosyl hydrolase, contains GH57 and DUF1957 domains"
COG1544	Ribosome-associated translation inhibitor RaiA
COG1545	"Uncharacterized OB-fold protein, contains Zn-ribbon domain"
COG1546	Nicotinamide mononucleotide (NMN) deamidase PncC
COG1547	Predicted metal-dependent hydrolase
COG1548	"Uncharacterized protein, hydantoinase/oxoprolinase family"
COG1549	"Predicted RNA-binding protein, contains uracil-DNA-glycosylase-like and PUA domains"
COG1550	"Uncharacterized conserved protein YlxP, DUF503 family"
COG1551	sRNA-binding carbon storage regulator CsrA
COG1552	Ribosomal protein L40E
COG1553	"Sulfur relay (sulfurtransferase) complex TusBCD TusD component, DsrE family"
COG1554	Trehalose and maltose hydrolase (possible phosphorylase)
COG1555	DNA uptake protein ComE and related DNA-binding proteins
COG1556	"L-lactate utilization protein LutC, contains LUD domain"
COG1558	Flagellar basal body rod protein FlgC
COG1559	"Cell division protein YceG, involved in septum cleavage"
COG1560	Lauroyl/myristoyl acyltransferase
COG1561	"Uncharacterized conserved protein YicC, UPF0701 family"
COG1562	Phytoene/squalene synthetase
COG1563	Uncharacterized MnhB-related membrane protein
COG1564	Thiamine pyrophosphokinase
COG1565	"SAM-dependent methyltransferase, MidA family"
COG1566	Multidrug resistance efflux pump
COG1567	"CRISPR/Cas system CSM-associated protein Csm4, group 5 of RAMP superfamily"
COG1568	Predicted methyltransferase
COG1569	"Predicted nucleic acid-binding protein, contains PIN domain"
COG1570	"Exonuclease VII, large subunit"
COG1571	tRNA(Ile2) C34 agmatinyltransferase TiaS
COG1572	"Serine protease, subtilase family"
COG1573	Uracil-DNA glycosylase
COG1574	Predicted amidohydrolase YtcJ
COG1575	"1,4-dihydroxy-2-naphthoate octaprenyltransferase"
COG1576	23S rRNA pseudoU1915 N3-methylase RlmH
COG1577	Mevalonate kinase
COG1578	"Uncharacterized conserved protein, contains ATP-grasp and redox domains"
COG1579	"Predicted nucleic acid-binding protein, contains Zn-ribbon domain"
COG1580	Flagellar basal body-associated protein FliL
COG1581	Archaeal DNA-binding protein
COG1582	"Uncharacterized protein YlzI, FlbEa/FlbD family"
COG1583	"CRISPR/Cas system endoribonuclease Cas6, RAMP superfamily"
COG1584	Succinate-acetate transporter protein
COG1585	Membrane protein implicated in regulation of membrane protease activity
COG1586	S-adenosylmethionine decarboxylase or arginine decarboxylase
COG1587	Uroporphyrinogen-III synthase
COG1588	RNase P/RNase MRP subunit p29
COG1589	Cell division septal protein FtsQ
COG1590	tRNA(Phe) wybutosine-synthesizing methylase Tyw3
COG1591	"Holliday junction resolvase, archaeal type"
COG1592	Rubrerythrin
COG1593	"TRAP-type C4-dicarboxylate transport system, large permease component"
COG1594	"DNA-directed RNA polymerase, subunit M/Transcription elongation factor TFIIS"
COG1595	"DNA-directed RNA polymerase specialized sigma subunit, sigma24 family"
COG1596	"Periplasmic protein involved in polysaccharide export, contains SLBB domain of the beta-grasp fold"
COG1597	Diacylglycerol kinase family enzyme
COG1598	"Predicted nuclease of the RNAse H fold, HicB family"
COG1599	"ssDNA-binding replication factor A, large subunit"
COG1600	Epoxyqueuosine reductase QueG (queuosine biosynthesis)
COG1601	"Translation initiation factor 2, beta subunit (eIF-2beta)/eIF-5 N-terminal domain"
COG1602	Uncharacterized protein
COG1603	RNase P/RNase MRP subunit p30
COG1604	"CRISPR/Cas system CMR subunit Cmr6, Cas7 group, RAMP superfamily"
COG1605	Chorismate mutase
COG1606	"ATP-utilizing enzyme, PP-loop superfamily"
COG1607	Acyl-CoA hydrolase
COG1608	Isopentenyl phosphate kinase
COG1609	"DNA-binding transcriptional regulator, LacI/PurR family"
COG1610	Uncharacterized conserved protein YqeY
COG1611	Predicted Rossmann fold nucleotide-binding protein
COG1612	Heme A synthase
COG1613	"ABC-type sulfate transport system, periplasmic component"
COG1614	CO dehydrogenase/acetyl-CoA synthase beta subunit
COG1615	"Uncharacterized membrane protein, UPF0182 family"
COG1617	"tRNA threonylcarbamoyladenosine modification (KEOPS) complex, Cgi121 subunit"
COG1618	Nucleoside-triphosphatase THEP1
COG1619	Muramoyltetrapeptide carboxypeptidase LdcA (peptidoglycan recycling)
COG1620	L-lactate permease
COG1621	"Sucrose-6-phosphate hydrolase SacC, GH32 family"
COG1622	"Heme/copper-type cytochrome/quinol oxidase, subunit 2"
COG1623	"Diadenylate cyclase (c-di-AMP synthetase), DNA integrity scanning protein DisA"
COG1624	"Diadenylate cyclase (c-di-AMP synthetase), DisA_N domain"
COG1625	"Fe-S oxidoreductase, related to NifB/MoaA family"
COG1626	Neutral trehalase
COG1627	Uncharacterized protein
COG1628	"Endonuclease V homolog, UPF0215 family"
COG1629	"Outer membrane receptor proteins, mostly Fe transport"
COG1630	NurA 5'-3' nuclease
COG1631	Ribosomal protein L44E
COG1632	Ribosomal protein L15E
COG1633	Rubrerythrin
COG1634	Uncharacterized Rossmann fold enzyme
COG1635	"Archaeal ribulose 1,5-bisphosphate synthetase/yeast thiazole synthase"
COG1636	"Predicted ATPase, Adenine nucleotide alpha hydrolases (AANH) superfamily"
COG1637	"Endonuclease NucS, RecB family"
COG1638	"TRAP-type C4-dicarboxylate transport system, periplasmic component"
COG1639	"HD-like signal output (HDOD) domain, no enzymatic activity"
COG1640	4-alpha-glucanotransferase
COG1641	"Uncharacterized conserved protein, DUF111 family"
COG1643	HrpA-like RNA helicase
COG1644	"DNA-directed RNA polymerase, subunit N (RpoN/RPB10)"
COG1645	"Uncharacterized Zn-finger containing protein, UPF0148 family"
COG1646	Heptaprenylglyceryl phosphate synthase
COG1647	Esterase/lipase
COG1648	Siroheme synthase (precorrin-2 oxidase/ferrochelatase domain)
COG1649	"Uncharacterized lipoprotein YddW, UPF0748 family"
COG1650	D-tyrosyl-tRNA(Tyr) deacylase
COG1651	Protein-disulfide isomerase
COG1652	"Nucleoid-associated protein YgaU, contains BON and LysM domains"
COG1653	"ABC-type glycerol-3-phosphate transport system, periplasmic component"
COG1654	Biotin operon repressor
COG1655	"Uncharacterized protein, DUF2225 family"
COG1656	"Uncharacterized conserved protein, contains PIN domain"
COG1657	Squalene cyclase
COG1658	"5S rRNA maturation endonuclease (Ribonuclease M5), contains TOPRIM domain"
COG1659	"Uncharacterized protein, linocin/CFP29 family"
COG1660	"RNase adaptor protein for sRNA GlmZ degradation, contains a P-loop ATPase domain"
COG1661	Predicted DNA-binding protein with PD1-like DNA-binding motif
COG1662	"Transposase and inactivated derivatives, IS1 family"
COG1663	Tetraacyldisaccharide-1-P 4'-kinase
COG1664	"Cytoskeletal protein CcmA, bactofilin family"
COG1665	Predicted nucleotidyltransferase
COG1666	"Uncharacterized conserved protein YajQ, UPF0234 family"
COG1667	Uncharacterized protein
COG1668	"ABC-type Na+ efflux pump, permease component"
COG1669	Predicted nucleotidyltransferase
COG1670	"Protein N-acetyltransferase, RimJ/RimL family"
COG1671	"Uncharacterized conserved protein YaiI, UPF0178 family"
COG1672	"Predicted ATPase, archaeal AAA+ ATPase superfamily"
COG1673	"Predicted RNA-binding protein, contains PUA-like EVE domain"
COG1674	DNA segregation ATPase FtsK/SpoIIIE and related proteins
COG1675	"Transcription initiation factor IIE, alpha subunit"
COG1676	tRNA splicing endonuclease
COG1677	Flagellar hook-basal body complex protein FliE
COG1678	"Putative transcriptional regulator, AlgH/UPF0301 family"
COG1679	Predicted aconitase
COG1680	"CubicO group peptidase, beta-lactamase class C family"
COG1681	Archaellin (archaeal flagellin)
COG1682	ABC-type polysaccharide/polyol phosphate export permease
COG1683	"Uncharacterized conserved protein YbbK, DUF523 family"
COG1684	Flagellar biosynthesis protein FliR
COG1685	Archaeal shikimate kinase
COG1686	D-alanyl-D-alanine carboxypeptidase
COG1687	Branched-chain amino acid transport protein AzlD
COG1688	"CRISPR/Cas system-associated protein Cas5, RAMP superfamily"
COG1689	Uncharacterized protein
COG1690	"RNA-splicing ligase RtcB, repairs tRNA damage"
COG1691	NCAIR mutase (PurE)-related protein
COG1692	Calcineurin-like phosphoesterase
COG1693	Repressor of nif and glnA expression
COG1694	"NTP pyrophosphatase, house-cleaning of non-canonical NTPs"
COG1695	"DNA-binding transcriptional regulator, PadR family"
COG1696	"D-alanyl-lipoteichoic acid acyltransferase DltB, MBOAT superfamily"
COG1697	"DNA topoisomerase VI, subunit A"
COG1698	"Uncharacterized protein, UPF0147 family"
COG1699	Flagellar assembly factor FliW
COG1700	"Predicted component of virus defense system, contains PD-(D/E)xK nuclease domain, DUF524"
COG1701	Archaeal phosphopantothenate synthetase
COG1702	"Phosphate starvation-inducible protein PhoH, predicted ATPase"
COG1703	Putative periplasmic protein kinase ArgK or related GTPase of G3E family
COG1704	Uncharacterized conserved protein
COG1705	Flagellum-specific peptidoglycan hydrolase FlgJ
COG1706	Flagellar basal body P-ring protein FlgI
COG1707	"Uncharacterized protein, contains ACT and thioredoxin-like domains"
COG1708	Predicted nucleotidyltransferase
COG1709	Predicted transcriptional regulator
COG1710	Uncharacterized protein
COG1711	"DNA replication initiation complex subunit, GINS family"
COG1712	Predicted dinucleotide-utilizing enzyme
COG1713	HD superfamily phosphohydrolase YqeK (fused to NMNAT in mycoplasms)
COG1714	"Uncharacterized membrane protein YckC, RDD family"
COG1715	Restriction endonuclease Mrr
COG1716	"Forkhead associated (FHA) domain, binds pSer, pThr, pTyr"
COG1717	Ribosomal protein L32E
COG1718	Serine/threonine-protein kinase RIO1
COG1719	"Predicted hydrocarbon binding protein, contains 4VR domain"
COG1720	tRNA (Thr-GGU) A37 N-methylase
COG1721	"Uncharacterized conserved protein, DUF58 family, contains vWF domain"
COG1722	Exonuclease VII small subunit
COG1723	"Uncharacterized protein, Rmd1/YagE family"
COG1724	"Predicted RNA binding protein YcfA, dsRBD-like fold, HicA-like mRNA interferase family"
COG1725	"DNA-binding transcriptional regulator YhcF, GntR family"
COG1726	"Na+-transporting NADH:ubiquinone oxidoreductase, subunit NqrA"
COG1727	Ribosomal protein L18E
COG1728	"Uncharacterized protein YaaR, TM1646/DUF327 family"
COG1729	Periplasmic TolA-binding protein (function unknown)
COG1730	Prefoldin subunit 5
COG1731	Archaeal riboflavin synthase
COG1732	Periplasmic glycine betaine/choline-binding (lipo)protein of an ABC-type transport system (osmoprotectant binding protein)
COG1733	"DNA-binding transcriptional regulator, HxlR family"
COG1734	RNA polymerase-binding transcription factor DksA
COG1735	"Predicted metal-dependent hydrolase, phosphotriesterase family"
COG1736	Diphthamide synthase subunit DPH2
COG1737	"DNA-binding transcriptional regulator, MurR/RpiR family, contains HTH and SIS domains"
COG1738	"Uncharacterized PurR-regulated membrane protein YhhQ, DUF165 family"
COG1739	"Putative translation regulator, IMPACT (imprinted ancient) protein family"
COG1740	"Ni,Fe-hydrogenase I small subunit"
COG1741	"Redox-sensitive bicupin YhaK, pirin superfamily"
COG1742	"Uncharacterized inner membrane protein YnfA, drug/metabolite transporter superfamily"
COG1743	"Adenine-specific DNA methylase, contains a Zn-ribbon domain"
COG1744	"Basic membrane lipoprotein Med, periplasmic binding protein (PBP1-ABC) superfamily"
COG1745	Uncharacterized protein
COG1746	tRNA nucleotidyltransferase (CCA-adding enzyme)
COG1747	Uncharacterized N-terminal domain of the transcription elongation factor GreA
COG1748	"Saccharopine dehydrogenase, NADP-dependent"
COG1749	Flagellar hook protein FlgE
COG1750	"Predicted archaeal serine protease, S18 family"
COG1751	Uncharacterized protein
COG1752	"Predicted acylesterase/phospholipase RssA, containd patatin domain"
COG1753	"Predicted antitoxin, CopG family"
COG1754	Uncharacterized C-terminal domain of topoisomerase IA
COG1755	"Uncharacterized protein YpbQ, isoprenylcysteine carboxyl methyltransferase (ICMT) family"
COG1756	"rRNA pseudouridine-1189 N-methylase Emg1, Nep1/Mra1 family"
COG1757	Na+/H+ antiporter NhaC
COG1758	"DNA-directed RNA polymerase, subunit K/omega"
COG1759	5-formaminoimidazole-4-carboxamide-1-beta-D-ribofuranosyl 5'-monophosphate synthetase (purine biosynthesis)
COG1760	L-serine deaminase
COG1761	"DNA-directed RNA polymerase, subunit L"
COG1762	Phosphotransferase system mannitol/fructose-specific IIA domain (Ntr-type)
COG1763	Molybdopterin-guanine dinucleotide biosynthesis protein
COG1764	Organic hydroperoxide reductase OsmC/OhrA
COG1765	Uncharacterized OsmC-related protein
COG1766	Flagellar biosynthesis/type III secretory pathway M-ring protein FliF/YscJ
COG1767	Triphosphoribosyl-dephospho-CoA synthetase
COG1768	Predicted phosphohydrolase
COG1769	"CRISPR/Cas system CMR-associated protein Cmr3, group 5 of RAMP superfamily"
COG1770	Protease II
COG1771	"Uncharacterized protein, contains N-terminal Zn-finger domain"
COG1772	Uncharacterized protein
COG1773	Rubredoxin
COG1774	"Cell fate regulator YaaT, PSP1 superfamily (controls sporulation, competence, biofilm development)"
COG1775	"Benzoyl-CoA reductase/2-hydroxyglutaryl-CoA dehydratase subunit, BcrC/BadD/HgdB"
COG1776	Chemotaxis protein CheY-P-specific phosphatase CheC
COG1777	Predicted transcriptional regulator
COG1778	3-deoxy-D-manno-octulosonate 8-phosphate phosphatase KdsC and related HAD superfamily phosphatases
COG1779	C4-type Zn-finger protein
COG1780	Protein involved in ribonucleotide reduction
COG1781	"Aspartate carbamoyltransferase, regulatory subunit"
COG1782	"Predicted metal-dependent RNase, contains metallo-beta-lactamase and KH domains"
COG1783	Phage terminase large subunit
COG1784	TctA family transporter
COG1785	Alkaline phosphatase
COG1786	Swiveling domain associated with predicted aconitase
COG1787	"Endonuclease, HJR/Mrr/RecB family"
COG1788	"Acyl CoA:acetate/3-ketoacid CoA transferase, alpha subunit"
COG1790	Uncharacterized protein
COG1791	"Acireductone dioxygenase (methionine salvage), cupin superfamily"
COG1792	Cell shape-determining protein MreC
COG1793	ATP-dependent DNA ligase
COG1794	Aspartate/glutamate racemase
COG1795	Formaldehyde-activating enzyme nesessary for methanogenesis
COG1796	DNA polymerase/3'-5' exonuclease PolX
COG1797	"Cobyrinic acid a,c-diamide synthase"
COG1798	Diphthamide biosynthesis methyltransferase
COG1799	FtsZ-interacting cell division protein YlmF
COG1800	Predicted transglutaminase-like protease
COG1801	"Uncharacterized conserved protein YecE, DUF72 family"
COG1802	"DNA-binding transcriptional regulator, GntR family"
COG1803	Methylglyoxal synthase
COG1804	Crotonobetainyl-CoA:carnitine CoA-transferase CaiB and related acyl-CoA transferases
COG1805	"Na+-transporting NADH:ubiquinone oxidoreductase, subunit NqrB"
COG1806	"Regulator of PEP synthase PpsR, kinase-PPPase family (combines ADP:protein kinase and phosphorylase activities)"
COG1807	4-amino-4-deoxy-L-arabinose transferase or related glycosyltransferase of PMT family
COG1808	Uncharacterized membrane protein
COG1809	"Phosphosulfolactate synthase, CoM biosynthesis protein A"
COG1810	Uncharacterized protein
COG1811	"Uncharacterized membrane protein YqgA, affects biofilm formation"
COG1812	Archaeal S-adenosylmethionine synthetase
COG1813	"Archaeal ribosome-binding protein aMBF1, putative translation factor, contains Zn-ribbon and HTH domains"
COG1814	"Predicted Fe2+/Mn2+ transporter, VIT1/CCC1 family"
COG1815	Flagellar basal body rod protein FlgB
COG1816	Adenosine deaminase
COG1817	Predicted glycosyltransferase
COG1818	"tRNA(Ser,Leu) C12 N-acetylase TAN1, contains THUMP domain"
COG1819	"UDP:flavonoid glycosyltransferase YjiC, YdhE family"
COG1820	N-acetylglucosamine-6-phosphate deacetylase
COG1821	"Predicted ATP-dependent carboligase, ATP-grasp superfamily"
COG1822	Uncharacterized membrane protein
COG1823	"L-cystine uptake protein TcyP, sodium:dicarboxylate symporter family"
COG1824	"Permease, similar to cation transporters"
COG1825	Ribosomal protein L25 (general stress protein Ctc)
COG1826	Sec-independent protein translocase protein TatA
COG1827	"Transcriptional regulator of NAD metabolism, contains HTH and 3H domains"
COG1828	"Phosphoribosylformylglycinamidine (FGAM) synthase, PurS component"
COG1829	Archaeal pantoate kinase
COG1830	"Fructose-bisphosphate aldolase class Ia, DhnA family"
COG1831	"Predicted metal-dependent hydrolase, urease superfamily"
COG1832	Predicted CoA-binding protein
COG1833	Uri superfamily endonuclease
COG1834	N-Dimethylarginine dimethylaminohydrolase
COG1835	"Peptidoglycan/LPS O-acetylase OafA/YrhL, contains acyltransferase and SGNH-hydrolase domains"
COG1836	Uncharacterized membrane protein
COG1837	"Predicted RNA-binding protein YlqC, contains KH domain, UPF0109 family"
COG1838	"Tartrate dehydratase beta subunit/Fumarate hydratase class I, C-terminal domain"
COG1839	Adenosine/AMP kinase
COG1840	"ABC-type Fe3+ transport system, periplasmic component"
COG1841	Ribosomal protein L30/L7E
COG1842	Phage shock protein A
COG1843	Flagellar hook assembly protein FlgD
COG1844	Uncharacterized protein
COG1845	"Heme/copper-type cytochrome/quinol oxidase, subunit 3"
COG1846	"DNA-binding transcriptional regulator, MarR family"
COG1847	"Predicted RNA-binding protein Jag, conains KH and R3H domains"
COG1848	"Predicted nucleic acid-binding protein, contains PIN domain"
COG1849	Uncharacterized protein
COG1850	"Ribulose 1,5-bisphosphate carboxylase, large subunit, or a RuBisCO-like protein"
COG1851	"Uncharacterized protein, UPF0128 family"
COG1852	Uncharacterized protein
COG1853	"NADH-FMN oxidoreductase RutF, flavin reductase (DIM6/NTAB) family"
COG1854	"S-ribosylhomocysteine lyase LuxS, autoinducer biosynthesis"
COG1855	"Predicted ATPase, PilT family"
COG1856	"Uncharacterized protein, radical SAM superfamily"
COG1857	"CRISPR/Cas system-associated protein Cas7, RAMP superfamily"
COG1858	Cytochrome c peroxidase
COG1859	"RNA:NAD 2'-phosphotransferase, TPT1/KptA family"
COG1860	"Uncharacterized conserved protein, UPF0179 family"
COG1861	"Spore coat polysaccharide biosynthesis protein SpsF, cytidylyltransferase family"
COG1862	Preprotein translocase subunit YajC
COG1863	"Multisubunit Na+/H+ antiporter, MnhE subunit"
COG1864	"DNA/RNA endonuclease G, NUC1"
COG1865	Adenosylcobinamide amidohydrolase
COG1866	"Phosphoenolpyruvate carboxykinase, ATP-dependent"
COG1867	"tRNA G26 N,N-dimethylase Trm1"
COG1868	Flagellar motor switch protein FliM
COG1869	D-ribose pyranose/furanose isomerase RbsD
COG1871	Chemotaxis receptor (MCP) glutamine deamidase CheD
COG1872	"Uncharacterized conserved protein YggU, UPF0235/DUF167 family"
COG1873	"Sporulation protein YlmC, PRC-barrel domain family"
COG1874	Beta-galactosidase GanA
COG1875	"Predicted ribonuclease YlaK, contains NYN-type RNase and PhoH-family ATPase domains"
COG1876	"LD-carboxypeptidase LdcB, LAS superfamily"
COG1877	Trehalose-6-phosphatase
COG1878	Kynurenine formamidase
COG1879	"ABC-type sugar transport system, periplasmic component, contains N-terminal xre family HTH domain"
COG1880	CO dehydrogenase/acetyl-CoA synthase epsilon subunit
COG1881	"Uncharacterized conserved protein, phosphatidylethanolamine-binding protein (PEBP) family"
COG1882	Pyruvate-formate lyase
COG1883	"Na+-transporting methylmalonyl-CoA/oxaloacetate decarboxylase, beta subunit"
COG1884	"Methylmalonyl-CoA mutase, N-terminal domain/subunit"
COG1885	"Uncharacterized protein, UPF0212 family"
COG1886	Flagellar motor switch/type III secretory pathway protein FliN
COG1887	"CDP-glycerol glycerophosphotransferase, TagB/SpsB family"
COG1888	Uncharacterized protein
COG1889	Fibrillarin-like rRNA methylase
COG1890	Ribosomal protein S3AE
COG1891	"Uncharacterized protein, UPF0264 family"
COG1892	Phosphoenolpyruvate carboxylase
COG1893	Ketopantoate reductase
COG1894	"NADH:ubiquinone oxidoreductase, NADH-binding 51 kD subunit (chain F)"
COG1895	"Uncharacterized protein, contains HEPN domain, UPF0332 family"
COG1896	5'-deoxynucleotidase YfbR and related HD superfamily hydrolases
COG1897	Homoserine trans-succinylase
COG1898	"dTDP-4-dehydrorhamnose 3,5-epimerase or related enzyme"
COG1899	Deoxyhypusine synthase
COG1900	"Uncharacterized conserved protein, DUF39 family"
COG1901	tRNA pseudouridine-54 N-methylase
COG1902	"2,4-dienoyl-CoA reductase or related NADH-dependent reductase, Old Yellow Enzyme (OYE) family"
COG1903	Cobalamin biosynthesis protein CbiD
COG1904	Glucuronate isomerase
COG1905	NADH:ubiquinone oxidoreductase 24 kD subunit (chain E)
COG1906	Uncharacterized protein
COG1907	Predicted archaeal sugar kinase
COG1908	"Coenzyme F420-reducing hydrogenase, delta subunit"
COG1909	"Uncharacterized protein, UPF0218 family"
COG1910	Periplasmic molybdate-binding protein/domain
COG1911	Ribosomal protein L30E
COG1912	S-adenosylmethionine hydrolase (SAM-hydroxide adenosyltransferase)
COG1913	Predicted Zn-dependent protease
COG1914	Mn2+ and Fe2+ transporters of the NRAMP family
COG1915	"Uncharacterized conserved protein, contains Saccharopine dehydrogenase N-terminal (SDHN) domain"
COG1916	"Pheromone shutdown protein TraB, contains GTxH motif (function unknown)"
COG1917	Cupin domain protein related to quercetin dioxygenase
COG1918	Fe2+ transport system protein FeoA
COG1920	"2-phospho-L-lactate guanylyltransferase, coenzyme F420 biosynthesis enzyme, CobY/MobA/RfbA family"
COG1921	Seryl-tRNA(Sec) selenium transferase
COG1922	"UDP-N-acetyl-D-mannosaminuronic acid transferase, WecB/TagA/CpsF family"
COG1923	sRNA-binding regulator protein Hfq
COG1924	Activator of 2-hydroxyglutaryl-CoA dehydratase (HSP70-class ATPase domain)
COG1925	"Phosphotransferase system, HPr and related phosphotransfer proteins"
COG1926	Predicted phosphoribosyltransferase
COG1927	F420-dependent methylenetetrahydromethanopterin dehydrogenase
COG1928	Dolichyl-phosphate-mannose--protein O-mannosyl transferase
COG1929	Glycerate kinase
COG1930	"ABC-type cobalt transport system, periplasmic component"
COG1931	"Predicted RNA binding protein with dsRBD fold, UPF0201 family"
COG1932	Phosphoserine aminotransferase
COG1933	"Archaeal DNA polymerase II, large subunit"
COG1934	Lipopolysaccharide export system protein LptA
COG1935	Uncharacterized protein
COG1936	Broad-specificity NMP kinase
COG1937	"DNA-binding transcriptional regulator, FrmR family"
COG1938	"Predicted ATP-dependent carboligase, ATP-grasp superfamily"
COG1939	23S rRNA maturation mini-RNase III
COG1940	"Sugar kinase of the NBD/HSP70 family, may contain an N-terminal HTH domain"
COG1941	"Coenzyme F420-reducing hydrogenase, gamma subunit"
COG1942	"Phenylpyruvate tautomerase PptA, 4-oxalocrotonate tautomerase family"
COG1943	REP element-mobilizing transposase RayT
COG1944	Ribosomal protein S12 methylthiotransferase accessory factor YcaO
COG1945	Pyruvoyl-dependent arginine decarboxylase (PvlArgDC)
COG1946	Acyl-CoA thioesterase
COG1947	4-diphosphocytidyl-2C-methyl-D-erythritol kinase
COG1948	ERCC4-type nuclease
COG1949	Oligoribonuclease (3'-5' exoribonuclease)
COG1950	"Uncharacterized membrane protein YvlD, DUF360 family"
COG1951	"Tartrate dehydratase alpha subunit/Fumarate hydratase class I, N-terminal domain"
COG1952	Preprotein translocase subunit SecB
COG1953	Cytosine/uracil/thiamine/allantoin permease
COG1954	Glycerol-3-phosphate responsive antiterminator (mRNA-binding)
COG1955	"Archaellum biogenesis protein FlaJ, TadC family"
COG1956	"GAF domain-containing protein, putative methionine-R-sulfoxide reductase"
COG1957	Inosine-uridine nucleoside N-ribohydrolase
COG1958	Small nuclear ribonucleoprotein (snRNP) homolog
COG1959	"DNA-binding transcriptional regulator, IscR family"
COG1960	Acyl-CoA dehydrogenase related to the alkylation response protein AidB
COG1961	Site-specific DNA recombinase related to the DNA invertase Pin
COG1962	"Tetrahydromethanopterin S-methyltransferase, subunit H"
COG1963	Acid phosphatase family membrane protein YuiD
COG1964	"Uncharacterized Fe-S cluster-containing enzyme, radical SAM superfamily"
COG1965	"Iron-binding protein CyaY, frataxin homolog"
COG1966	Carbon starvation protein CstA
COG1967	Uncharacterized membrane protein
COG1968	Undecaprenyl pyrophosphate phosphatase UppP
COG1969	"Ni,Fe-hydrogenase I cytochrome b subunit"
COG1970	Large-conductance mechanosensitive channel
COG1971	Putative Mn2+ efflux pump MntP
COG1972	Nucleoside permease NupC
COG1973	Hydrogenase maturation factor HypE
COG1974	SOS-response transcriptional repressor LexA (RecA-mediated autopeptidase)
COG1975	"Xanthine and CO dehydrogenase maturation factor, XdhC/CoxF family"
COG1976	Translation initiation factor 6 (eIF-6)
COG1977	"Molybdopterin converting factor, small subunit"
COG1978	"Predicted RNase H-related nuclease YkuK, DUF458 family"
COG1979	"Alcohol dehydrogenase YqhD, Fe-dependent ADH family"
COG1980	"Archaeal fructose 1,6-bisphosphatase"
COG1981	Uncharacterized membrane protein
COG1982	Arginine/lysine/ornithine decarboxylase
COG1983	Phage shock protein PspC (stress-responsive transcriptional regulator)
COG1984	Allophanate hydrolase subunit 2
COG1985	"Pyrimidine reductase, riboflavin biosynthesis"
COG1986	"Non-canonical (house-cleaning) NTP pyrophosphatase, all-alpha NTP-PPase family"
COG1987	Flagellar biosynthesis protein FliQ
COG1988	"Membrane-bound metal-dependent hydrolase YbcI, DUF457 family"
COG1989	Prepilin signal peptidase PulO (type II secretory pathway) or related peptidase
COG1990	Peptidyl-tRNA hydrolase
COG1991	"Uncharacterized protein, UPF0333 family"
COG1992	Predicted transcriptional regulator fused phosphomethylpyrimidine kinase (thiamin biosynthesis)
COG1993	PII-like signaling protein
COG1994	Zn-dependent protease (includes SpoIVFB)
COG1995	4-hydroxy-L-threonine phosphate dehydrogenase PdxA
COG1996	"DNA-directed RNA polymerase, subunit RPC12/RpoP, contains C4-type Zn-finger"
COG1997	Ribosomal protein L37AE/L43A
COG1998	Ribosomal protein S27AE
COG1999	"Cytochrome oxidase Cu insertion factor, SCO1/SenC/PrrC family"
COG2000	Uncharacterized Fe-S cluster-containing protein
COG2001	"MraZ, DNA-binding transcriptional regulator and inhibitor of RsmH methyltransferase activity"
COG2002	Bifunctional DNA-binding transcriptional regulator of stationary/sporulation/toxin gene expression and antitoxin component of the YhaV-PrlF toxin-antitoxin module
COG2003	"DNA repair protein RadC, contains a helix-hairpin-helix DNA-binding motif"
COG2004	Ribosomal protein S24E
COG2005	DNA-binding transcriptional regulator ModE (molybdenum-dependent)
COG2006	"Uncharacterized conserved protein, DUF362 family"
COG2007	Ribosomal protein S8E
COG2008	Threonine aldolase
COG2009	"Succinate dehydrogenase/fumarate reductase, cytochrome b subunit"
COG2010	"Cytochrome c, mono- and diheme variants"
COG2011	"ABC-type methionine transport system, permease component"
COG2012	"DNA-directed RNA polymerase, subunit H, RpoH/RPB5"
COG2013	"Uncharacterized conserved protein, AIM24 family"
COG2014	"Uncharacterized conserved protein, contains DUF4213 and DUF364 domains"
COG2015	"Alkyl sulfatase BDS1 and related hydrolases, metallo-beta-lactamase superfamily"
COG2016	"Predicted ribosome-associated RNA-binding protein Tma20, contains PUA domain"
COG2017	Galactose mutarotase or related enzyme
COG2018	"Predicted regulator of Ras-like GTPase activity, Roadblock/LC7/MglB family"
COG2019	Archaeal adenylate kinase
COG2020	Protein-S-isoprenylcysteine O-methyltransferase Ste14
COG2021	Homoserine acetyltransferase
COG2022	"Thiamin biosynthesis thiazole synthase ThiGH, ThiG subunit"
COG2023	RNase P subunit RPR2
COG2024	O-phosphoseryl-tRNA(Cys) synthetase
COG2025	"Electron transfer flavoprotein, alpha subunit"
COG2026	"mRNA-degrading endonuclease RelE, toxin component of the RelBE toxin-antitoxin system"
COG2027	D-alanyl-D-alanine carboxypeptidase
COG2028	Uncharacterized protein
COG2029	Uncharacterized protein
COG2030	Acyl dehydratase
COG2031	Short chain fatty acids transporter
COG2032	Cu/Zn superoxide dismutase
COG2033	"Desulfoferrodoxin, superoxide reductase-like (SORL) domain"
COG2034	Uncharacterized membrane protein
COG2035	Uncharacterized membrane protein
COG2036	Archaeal histone H3/H4
COG2037	Formylmethanofuran:tetrahydromethanopterin formyltransferase
COG2038	NaMN:DMB phosphoribosyltransferase
COG2039	Pyrrolidone-carboxylate peptidase (N-terminal pyroglutamyl peptidase)
COG2040	Homocysteine/selenocysteine methylase (S-methylmethionine-dependent)
COG2041	"Periplasmic DMSO/TMAO reductase YedYZ, molybdopterin-dependent catalytic subunit"
COG2042	Ribosome biogenesis protein Tsr3 (rRNA maturation)
COG2043	"Uncharacterized conserved protein, DUF169 family"
COG2044	Predicted peroxiredoxin
COG2045	Phosphosulfolactate phosphohydrolase or related enzyme
COG2046	ATP sulfurylase (sulfate adenylyltransferase)
COG2047	Proteasome assembly chaperone (PAC2) family protein
COG2048	"Heterodisulfide reductase, subunit B"
COG2049	Allophanate hydrolase subunit 1
COG2050	"Acyl-coenzyme A thioesterase PaaI, contains HGG motif"
COG2051	Ribosomal protein S27E
COG2052	"Regulator of extracellular matrix RemA, YlzA/DUF370 family"
COG2053	Ribosomal protein S28E/S33
COG2054	Uncharacterized archaeal kinase related to aspartokinase
COG2055	"Malate/lactate/ureidoglycolate dehydrogenase, LDH2 family"
COG2056	"Predicted histidine transporter YuiF, NhaC family"
COG2057	"Acyl CoA:acetate/3-ketoacid CoA transferase, beta subunit"
COG2058	Ribosomal protein L12E/L44/L45/RPP1/RPP2
COG2059	Chromate transport protein ChrA
COG2060	"K+-transporting ATPase, A chain"
COG2061	"Uncharacterized conserved protein, contains ACT domain"
COG2062	Phosphohistidine phosphatase SixA
COG2063	Flagellar basal body L-ring protein FlgH
COG2064	Pilus assembly protein TadC
COG2065	Pyrimidine operon attenuation protein/uracil phosphoribosyltransferase
COG2066	Glutaminase
COG2067	Long-chain fatty acid transport protein
COG2068	CTP:molybdopterin cytidylyltransferase MocA
COG2069	CO dehydrogenase/acetyl-CoA synthase delta subunit (corrinoid Fe-S protein)
COG2070	"NAD(P)H-dependent flavin oxidoreductase YrpB, nitropropane dioxygenase family"
COG2071	"Gamma-glutamyl-gamma-aminobutyrate hydrolase PuuD (putrescine degradation), contains GATase1-like domain"
COG2072	Predicted flavoprotein CzcO associated with the cation diffusion facilitator CzcD
COG2073	Cobalamin biosynthesis protein CbiG
COG2074	2-phosphoglycerate kinase
COG2075	Ribosomal protein L24E
COG2076	Multidrug transporter EmrE and related cation transporters
COG2077	Peroxiredoxin
COG2078	"Uncharacterized conserved protein, AMMECR1 domain"
COG2079	2-methylcitrate dehydratase PrpD
COG2080	"Aerobic-type carbon monoxide dehydrogenase, small subunit, CoxS/CutS family"
COG2081	Predicted flavoprotein YhiN
COG2082	Precorrin isomerase
COG2083	"Uncharacterized protein, UPF0216 family"
COG2084	3-hydroxyisobutyrate dehydrogenase or related beta-hydroxyacid dehydrogenase
COG2085	Predicted dinucleotide-binding enzyme
COG2086	"Electron transfer flavoprotein, alpha and beta subunits"
COG2087	Adenosyl cobinamide kinase/adenosyl cobinamide phosphate guanylyltransferase
COG2088	"DNA-binding protein SpoVG, cell septation regulator"
COG2089	"Sialic acid synthase SpsE, contains C-terminal SAF domain"
COG2090	Uncharacterized protein
COG2091	Phosphopantetheinyl transferase
COG2092	Translation elongation factor EF-1beta
COG2093	RNA polymerase subunit RPABC4/transcription elongation factor Spt4
COG2094	3-methyladenine DNA glycosylase Mpg
COG2095	"Small neutral amino acid transporter SnatA, MarC family"
COG2096	Cob(I)alamin adenosyltransferase
COG2097	Ribosomal protein L31E
COG2098	Uncharacterized protein
COG2099	Precorrin-6x reductase
COG2100	"Uncharacterized Fe-S cluster-containing enzyme, radical SAM superfamily"
COG2101	"TATA-box binding protein (TBP), component of TFIID and TFIIIB"
COG2102	Diphthamide synthase (EF-2-diphthine--ammonia ligase)
COG2103	N-acetylmuramic acid 6-phosphate (MurNAc-6-P) etherase
COG2104	Sulfur carrier protein ThiS (thiamine biosynthesis)
COG2105	"Uncharacterized conserved protein YtfP, gamma-glutamylcyclotransferase (GGCT)/AIG2-like family"
COG2106	"Predicted RNA methylase MTH1, SPOUT superfamily"
COG2107	Predicted periplasmic solute-binding protein
COG2108	Uncharacterized conserved protein related to pyruvate formate-lyase activating enzyme
COG2109	ATP:corrinoid adenosyltransferase
COG2110	"O-acetyl-ADP-ribose deacetylase (regulator of RNase III), contains Macro domain"
COG2111	"Multisubunit Na+/H+ antiporter, MnhB subunit"
COG2112	Predicted Ser/Thr protein kinase
COG2113	"ABC-type proline/glycine betaine transport system, periplasmic component"
COG2114	"Adenylate cyclase, class 3"
COG2115	Xylose isomerase
COG2116	"Formate/nitrite transporter FocA, FNT family"
COG2117	"Predicted subunit of tRNA(5-methylaminomethyl-2-thiouridylate) methyltransferase, contains the PP-loop ATPase domain"
COG2118	"DNA-binding TFAR19-related protein, PDSD5 family"
COG2119	"Putative Ca2+/H+ antiporter, TMEM165/GDT1 family"
COG2120	"N-acetylglucosaminyl deacetylase, LmbE family"
COG2121	"Uncharacterized conserved protein, lysophospholipid acyltransferase (LPLAT) superfamily"
COG2122	"Uncharacterized protein, UPF0280 family, ApbE superfamily"
COG2123	"Exosome complex RNA-binding protein Rrp42, RNase PH superfamily"
COG2124	Cytochrome P450
COG2125	Ribosomal protein S6E (S10)
COG2126	Ribosomal protein L37E
COG2127	ATP-dependent Clp protease adapter protein ClpS
COG2128	"Alkylhydroperoxidase family enzyme, contains CxxC motif"
COG2129	"Predicted phosphoesterase, related to the Icc protein"
COG2130	NADPH-dependent curcumin reductase CurA
COG2131	Deoxycytidylate deaminase
COG2132	Multicopper oxidase with three cupredoxin domains (includes cell division protein FtsP and spore coat protein CotA)
COG2133	"Glucose/arabinose dehydrogenase, beta-propeller fold"
COG2134	CDP-diacylglycerol pyrophosphatase
COG2135	Putative SOS response-associated peptidase YedK
COG2136	"rRNA maturation protein Rpf1, contains Brix/IMP4 (anticodon-binding) domain"
COG2137	"SOS response regulatory protein OraA/RecX, interacts with RecA"
COG2138	Sirohydrochlorin ferrochelatase
COG2139	Ribosomal protein L21E
COG2140	"Oxalate decarboxylase/archaeal phosphoglucose isomerase, cupin superfamily"
COG2141	"Flavin-dependent oxidoreductase, luciferase family (includes alkanesulfonate monooxygenase SsuD and methylene tetrahydromethanopterin reductase)"
COG2142	"Succinate dehydrogenase, hydrophobic anchor subunit"
COG2143	Thioredoxin-related protein
COG2144	Selenophosphate synthetase-related protein
COG2145	"Hydroxyethylthiazole kinase, sugar kinase family"
COG2146	Ferredoxin subunit of nitrite reductase or a ring-hydroxylating dioxygenase
COG2147	Ribosomal protein L19E
COG2148	"Sugar transferase involved in LPS biosynthesis (colanic, teichoic acid)"
COG2149	"Uncharacterized membrane protein YidH, DUF202 family"
COG2150	"Predicted regulator of amino acid metabolism, contains ACT domain"
COG2151	Metal-sulfur cluster biosynthetic enzyme
COG2152	"Predicted glycosyl hydrolase, GH43/DUF377 family"
COG2153	"Predicted N-acyltransferase, GNAT family"
COG2154	Pterin-4a-carbinolamine dehydratase
COG2155	"Uncharacterized membrane protein YuzA, DUF378 family"
COG2156	"K+-transporting ATPase, c chain"
COG2157	Ribosomal protein L20A (L18A)
COG2158	"Uncharacterized protein, contains a Zn-finger-like domain"
COG2159	"Predicted metal-dependent hydrolase, TIM-barrel fold"
COG2160	L-arabinose isomerase
COG2161	"Antitoxin component YafN of the YafNO toxin-antitoxin module, PHD/YefM family"
COG2162	Arylamine N-acetyltransferase
COG2163	Ribosomal protein L14E/L6E/L27E
COG2164	Uncharacterized protein
COG2165	"Type II secretory pathway, pseudopilin PulG"
COG2166	"Sulfur transfer protein SufE, Fe-S center assembly"
COG2167	Ribosomal protein L39E
COG2168	"Sulfur transfer complex TusBCD TusB component, DsrH family"
COG2169	"Methylphosphotriester-DNA--protein-cysteine methyltransferase (N-terminal fragment of Ada), contains Zn-binding and two AraC-type DNA-binding domains"
COG2170	"Gamma-glutamyl:cysteine ligase YbdK, ATP-grasp superfamily"
COG2171	Tetrahydrodipicolinate N-succinyltransferase
COG2172	Anti-sigma regulatory factor (Ser/Thr protein kinase)
COG2173	D-alanyl-D-alanine dipeptidase
COG2174	Ribosomal protein L34E
COG2175	"Taurine dioxygenase, alpha-ketoglutarate-dependent"
COG2176	"DNA polymerase III, alpha subunit (gram-positive type)"
COG2177	Cell division protein FtsX
COG2178	"Predicted RNA- or ssDNA-binding protein, translin family"
COG2179	"Predicted phosphohydrolase YqeG, HAD superfamily"
COG2180	"Nitrate reductase assembly protein NarJ, required for insertion of molybdenum cofactor"
COG2181	Nitrate reductase gamma subunit
COG2182	Maltose-binding periplasmic protein MalE
COG2183	Transcriptional accessory protein Tex/SPT6
COG2184	"Fido, protein-threonine AMPylation domain"
COG2185	"Methylmalonyl-CoA mutase, C-terminal domain/subunit (cobalamin-binding)"
COG2186	"DNA-binding transcriptional regulator, FadR family"
COG2187	Aminoglycoside phosphotransferase family enzyme
COG2188	"DNA-binding transcriptional regulator, GntR family"
COG2189	Adenine specific DNA methylase Mod
COG2190	Phosphotransferase system IIA component
COG2191	Formylmethanofuran dehydrogenase subunit E
COG2192	"Predicted carbamoyl transferase, NodU family"
COG2193	Bacterioferritin (cytochrome b1)
COG2194	"Phosphoethanolamine transferase for periplasmic glucans (OPG), alkaline phosphatase superfamily"
COG2195	Di- or tripeptidase
COG2197	"DNA-binding response regulator, NarL/FixJ family, contains REC and HTH domains"
COG2198	HPt (histidine-containing phosphotransfer) domain
COG2199	"GGDEF domain, diguanylate cyclase (c-di-GMP synthetase) or its enzymatically inactive variants"
COG2200	"EAL domain, c-di-GMP-specific phosphodiesterase class I (or its enzymatically inactive variant)"
COG2201	"Chemotaxis response regulator CheB, contains REC and protein-glutamate methylesterase domains"
COG2202	PAS domain
COG2203	GAF domain
COG2204	"DNA-binding transcriptional response regulator, NtrC family, contains REC, AAA-type ATPase, and a Fis-type DNA-binding domains"
COG2205	K+-sensing histidine kinase KdpD
COG2206	"HD-GYP domain, c-di-GMP phosphodiesterase class II (or its inactivated variant)"
COG2207	AraC-type DNA-binding domain and AraC-containing proteins
COG2208	"Serine phosphatase RsbU, regulator of sigma subunit"
COG2209	"Na+-transporting NADH:ubiquinone oxidoreductase, subunit NqrE"
COG2210	Peroxiredoxin family protein
COG2211	Na+/melibiose symporter or related transporter
COG2212	"Multisubunit Na+/H+ antiporter, MnhF subunit"
COG2213	"Phosphotransferase system, mannitol-specific IIBC component"
COG2214	"Curved DNA-binding protein CbpA, contains a DnaJ-like domain"
COG2215	"ABC-type nickel/cobalt efflux system, permease component RcnA"
COG2216	"High-affinity K+ transport system, ATPase chain B"
COG2217	Cation transport ATPase
COG2218	Formylmethanofuran dehydrogenase subunit C
COG2219	"Eukaryotic-type DNA primase, large subunit"
COG2220	"L-ascorbate metabolism protein UlaG, beta-lactamase superfamily"
COG2221	"Dissimilatory sulfite reductase (desulfoviridin), alpha and beta subunits"
COG2222	Fructoselysine-6-P-deglycase FrlB and related proteins with duplicated sugar isomerase (SIS) domain
COG2223	Nitrate/nitrite transporter NarK
COG2224	Isocitrate lyase
COG2225	Malate synthase
COG2226	Ubiquinone/menaquinone biosynthesis C-methylase UbiE
COG2227	"2-polyprenyl-3-methyl-5-hydroxy-6-metoxy-1,4-benzoquinol methylase"
COG2229	"Signal recognition particle receptor subunit beta, a GTPase"
COG2230	Cyclopropane fatty-acyl-phospholipid synthase and related methyltransferases
COG2231	Uncharacterized protein related to Endonuclease III
COG2232	"Predicted ATP-dependent carboligase, ATP-grasp superfamily"
COG2233	Xanthine/uracil permease
COG2234	"Zn-dependent amino- or carboxypeptidase, M28 family"
COG2235	Arginine deiminase
COG2236	Hypoxanthine phosphoribosyltransferase
COG2237	Uncharacterized membrane protein
COG2238	Ribosomal protein S19E (S16A)
COG2239	Mg/Co/Ni transporter MgtE (contains CBS domain)
COG2240	Pyridoxal/pyridoxine/pyridoxamine kinase
COG2241	Precorrin-6B methylase 1
COG2242	Precorrin-6B methylase 2
COG2243	Precorrin-2 methylase
COG2244	Membrane protein involved in the export of O-antigen and teichoic acid
COG2245	Uncharacterized membrane protein
COG2246	Putative flippase GtrA (transmembrane translocase of bactoprenol-linked glucose)
COG2247	Putative cell wall-binding domain
COG2248	"Predicted hydrolase, metallo-beta-lactamase superfamily"
COG2249	Putative NADPH-quinone reductase (modulator of drug activity B)
COG2250	HEPN domain
COG2251	"Predicted nuclease, RecB family"
COG2252	"Xanthine/uracil/vitamin C permease, AzgA family"
COG2253	Predicted nucleotidyltransferase component of viral defense system
COG2254	CRISPR/Cas system-associated endonuclease Cas3-HD
COG2255	"Holliday junction resolvasome RuvABC, ATP-dependent DNA helicase subunit"
COG2256	Replication-associated recombination protein RarA (DNA-dependent ATPase)
COG2257	"Type III secretion system substrate exporter, FlhB-like"
COG2258	"Uncharacterized conserved protein YiiM, contains MOSC domain"
COG2259	"Uncharacterized membrane protein YphA, DoxX/SURF4 family"
COG2260	"rRNA maturation protein Nop10, contains Zn-ribbon domain"
COG2261	"Uncharacterized membrane protein YeaQ/YmgE, transglycosylase-associated protein family"
COG2262	50S ribosomal subunit-associated GTPase HflX
COG2263	Predicted RNA methylase
COG2264	Ribosomal protein L11 methylase PrmA
COG2265	"tRNA/tmRNA/rRNA uracil-C5-methylase, TrmA/RlmC/RlmD family"
COG2266	GTP:adenosylcobinamide-phosphate guanylyltransferase
COG2267	"Lysophospholipase, alpha-beta hydrolase superfamily"
COG2268	"Uncharacterized membrane protein YqiK, contains Band7/PHB/SPFH domain"
COG2269	Elongation factor P--beta-lysine ligase (EF-P beta-lysylation pathway)
COG2270	"MFS-type transporter involved in bile tolerance, Atg22 family"
COG2271	Sugar phosphate permease
COG2272	Carboxylesterase type B
COG2273	"Beta-glucanase, GH16 family"
COG2274	"ABC-type bacteriocin/lantibiotic exporters, contain an N-terminal double-glycine peptidase domain"
COG2301	Citrate lyase beta subunit
COG2302	"RNA-binding protein YlmH, contains S4-like domain"
COG2303	Choline dehydrogenase or related flavoprotein
COG2304	Secreted protein containing bacterial Ig-like domain and vWFA domain
COG2306	"Predicted RNA-binding protein, associated with RNAse of E/G family"
COG2307	"Uncharacterized conserved protein, Alpha-E superfamily"
COG2308	"Uncharacterized conserved protein, circularly permuted ATPgrasp superfamily"
COG2309	Leucyl aminopeptidase (aminopeptidase T)
COG2310	Stress response protein SCP2
COG2311	Uncharacterized membrane protein YeiB
COG2312	Erythromycin esterase homolog
COG2313	Pseudouridine-5'-phosphate glycosidase (pseudoU degradation)
COG2314	"Uncharacterized membrane protein YozV, TM2 domain"
COG2315	"Predicted DNA-binding protein with ‘double-wing’ structural motif, MmcQ/YjbR family"
COG2316	"Predicted hydrolase, HD superfamily"
COG2317	"Zn-dependent carboxypeptidase, M32 family"
COG2318	Uncharacterized damage-inducible protein DinB (forms a four-helix bundle)
COG2319	WD40 repeat
COG2320	"GrpB domain, predicted nucleotidyltransferase, UPF0157 family"
COG2321	Predicted metalloprotease
COG2322	"Uncharacterized membrane protein YozB, DUF420 family"
COG2323	"Uncharacterized membrane protein YcaP, DUF421 family"
COG2324	Uncharacterized membrane protein
COG2326	"Polyphosphate kinase 2, PPK2 family"
COG2327	Polysaccharide pyruvyl transferase family protein WcaK
COG2329	Heme-degrading monooxygenase HmoA and related ABM domain proteins
COG2331	"Predicted nucleic acid-binding protein, contains Zn-ribbon domain"
COG2332	Cytochrome c-type biogenesis protein CcmE
COG2333	"Metal-dependent hydrolase, beta-lactamase superfamily II"
COG2334	"Ser/Thr protein kinase RdoA involved in Cpx stress response, MazF antagonist"
COG2335	Uncaracterized surface protein containing fasciclin (FAS1) repeats
COG2336	Antitoxin component of the MazEF toxin-antitoxin module
COG2337	"mRNA-degrading endonuclease, toxin component of the MazEF toxin-antitoxin module"
COG2339	"Membrane proteinase PrsW, cleaves anti-sigma factor RsiW, M82 family"
COG2340	"Uncharacterized conserved protein YkwD, contains CAP (CSP/antigen 5/PR1) domain"
COG2342	"Endo alpha-1,4 polygalactosaminidase, GH114 family (was erroneously annotated as Cys-tRNA synthetase)"
COG2343	"Uncharacterized conserved protein, DUF427 family"
COG2344	NADH/NAD ratio-sensing transcriptional regulator Rex
COG2345	"Predicted transcriptional regulator, ArsR family"
COG2346	Truncated hemoglobin YjbI
COG2348	Lipid II:glycine glycyltransferase (Peptidoglycan interpeptide bridge formation enzyme)
COG2350	"Uncharacterized conserved protein YciI, contains a putative active-site phosphohistidine"
COG2351	"5-hydroxyisourate hydrolase (purine catabolism), transthyretin-related family"
COG2352	Phosphoenolpyruvate carboxylase
COG2353	Polyisoprenoid-binding periplasmic protein YceI
COG2354	"Uncharacterized membrane protein MutK, may be involved in DNA repair"
COG2355	"Zn-dependent dipeptidase, microsomal dipeptidase homolog"
COG2356	Endonuclease I
COG2357	ppGpp synthetase catalytic domain (RelA/SpoT-type nucleotidyltranferase)
COG2358	"TRAP-type uncharacterized transport system, periplasmic component"
COG2359	Stage V sporulation protein SpoVS (function unknown)
COG2360	Leu/Phe-tRNA-protein transferase
COG2361	"Uncharacterized conserved protein, contains HEPN domain"
COG2362	D-aminopeptidase
COG2363	"Uncharacterized membrane protein YgdD, TMEM256/DUF423 family"
COG2364	Uncharacterized membrane protein YczE
COG2365	Protein tyrosine/serine phosphatase
COG2366	Acyl-homoserine lactone (AHL) acylase PvdQ
COG2367	Beta-lactamase class A
COG2368	Aromatic ring hydroxylase
COG2369	"Uncharacterized conserved protein, contains phage Mu gpF-like domain"
COG2370	Hydrogenase/urease accessory protein HupE
COG2371	Urease accessory protein UreE
COG2372	Copper-binding protein CopC (methionine-rich)
COG2373	"Uncharacterized conserved protein YfaS, alpha-2-macroglobulin family"
COG2374	Predicted extracellular nuclease
COG2375	"NADPH-dependent ferric siderophore reductase, contains FAD-binding and SIP domains"
COG2376	Dihydroxyacetone kinase
COG2377	"1,6-Anhydro-N-acetylmuramate kinase"
COG2378	"Predicted DNA-binding transcriptional regulator YafY, contains an HTH and WYL domains"
COG2379	Glycerate-2-kinase
COG2380	Uncharacterized protein
COG2382	Enterochelin esterase or related enzyme
COG2383	"Uncharacterized membrane protein, Fun14 family"
COG2384	tRNA A22 N-methylase
COG2385	Peptidoglycan hydrolase (amidase) enhancer domain
COG2386	"ABC-type transport system involved in cytochrome c biogenesis, permease component"
COG2388	"Predicted acetyltransferase, GNAT superfamily"
COG2389	Uncharacterized metal-binding protein
COG2390	"DNA-binding transcriptional regulator LsrR, DeoR family"
COG2391	"Uncharacterized membrane protein YedE/YeeE, contains two sulfur transport domains"
COG2401	ABC-type ATPase fused to a predicted acetyltransferase domain
COG2402	"Predicted nucleic acid-binding protein, contains PIN domain"
COG2403	Predicted GTPase
COG2404	"Oligoribonuclease NrnB or cAMP/cGMP phosphodiesterase, DHH superfamily"
COG2405	"Predicted nucleic acid-binding protein, contains PIN domain"
COG2406	Protein distantly related to bacterial ferritins
COG2407	L-fucose isomerase or related protein
COG2409	"Uncharacterized membrane protein YdfJ, MMPL/SSD domain"
COG2410	Predicted nuclease (RNAse H fold)
COG2411	Uncharacterized protein
COG2412	Uncharacterized protein
COG2413	Predicted nucleotidyltransferase
COG2414	Aldehyde:ferredoxin oxidoreductase
COG2419	Trm5-related predicted tRNA methylase
COG2421	Acetamidase/formamidase
COG2423	"Ornithine cyclodeaminase/archaeal alanine dehydrogenase, mu-crystallin family"
COG2425	"Uncharacterized protein, contains a von Willebrand factor type A (vWA) domain"
COG2426	Uncharacterized membrane protein
COG2427	"Uncharacterized conserved protein YjgD, DUF1641 family"
COG2428	"Rps3 or RNA methylase involved in ribosome biogenesis, SPOUT family,"
COG2429	Archaeal GTP cyclohydrolase III
COG2430	Uncharacterized protein
COG2431	"Uncharacterized membrane protein YbjE, DUF340 family"
COG2433	"Possible nuclease of RNase H fold, RuvC/YqgF family"
COG2440	Ferredoxin-like protein FixX
COG2441	"Predicted butyrate kinase, DUF1464 family"
COG2442	"Uncharacterized conserved protein, DUF433 family"
COG2443	Preprotein translocase subunit Sss1
COG2445	"Uncharacterized conserved protein YutE, UPF0331/DUF86 family"
COG2450	"Predicted archaeal cell division protein, SepF homolog, DUF552 family"
COG2451	Ribosomal protein L35AE/L33A
COG2452	Predicted site-specific integrase-resolvase
COG2453	Protein-tyrosine phosphatase
COG2454	Uncharacterized protein
COG2456	Uncharacterized protein
COG2457	Uncharacterized protein
COG2461	"Uncharacterized conserved protein, DUF438 domain, may contain hemerythrin domain"
COG2469	"Uncharacterized protein, contains HTH domain"
COG2501	"Ribosome-associated protein YbcJ, S4-like RNA binding protein"
COG2502	Asparagine synthetase A
COG2503	Predicted secreted acid phosphatase
COG2508	"DNA-binding transcriptional regulator, PucR family"
COG2509	Uncharacterized FAD-dependent dehydrogenase
COG2510	Uncharacterized membrane protein
COG2511	"Archaeal Glu-tRNAGln amidotransferase subunit E, contains GAD domain"
COG2512	Uncharacterized membrane protein
COG2513	"2-Methylisocitrate lyase and related enzymes, PEP mutase family"
COG2514	"Catechol-2,3-dioxygenase"
COG2515	"1-aminocyclopropane-1-carboxylate deaminase/D-cysteine desulfhydrase, PLP-dependent ACC family"
COG2516	"Biotin synthase-related protein, radical SAM superfamily"
COG2517	"Predicted RNA-binding protein, contains C-terminal EMAP domain"
COG2518	Protein-L-isoaspartate O-methyltransferase
COG2519	tRNA A58 N-methylase Trm61
COG2520	tRNA G37 N-methylase Trm5
COG2521	Predicted archaeal methyltransferase
COG2522	Predicted transcriptional regulator
COG2524	"Predicted transcriptional regulator, contains C-terminal CBS domains"
COG2602	Beta-lactamase class D
COG2603	"tRNA 2-selenouridine synthase SelU, contains rhodanese domain"
COG2604	Uncharacterized conserved protein
COG2605	Predicted kinase related to galactokinase and mevalonate kinase
COG2606	"Cys-tRNA(Pro) deacylase, prolyl-tRNA editing enzyme YbaK/EbsC"
COG2607	"Predicted ATPase, AAA+ superfamily"
COG2608	Copper chaperone CopZ
COG2609	"Pyruvate dehydrogenase complex, dehydrogenase (E1) component"
COG2610	H+/gluconate symporter or related permease
COG2703	Hemerythrin
COG2704	Anaerobic C4-dicarboxylate transporter
COG2706	"6-phosphogluconolactonase, cycloisomerase 2 family"
COG2707	"Uncharacterized membrane protein, DUF441 family"
COG2710	"Nitrogenase molybdenum-iron protein, alpha and beta chains"
COG2715	Spore maturation protein SpmA (function unknown)
COG2716	Glycine cleavage system regulatory protein
COG2717	"Periplasmic DMSO/TMAO reductase YedYZ, heme-binding membrane subunit"
COG2718	"Uncharacterized conserved protein YeaH/YhbH, required for sporulation, DUF444 family"
COG2719	"Stage V sporulation protein SpoVR/YcgB, involved in spore cortex formation (function unknown)"
COG2720	"Vancomycin resistance protein YoaR (function unknown), contains peptidoglycan-binding and VanW domains"
COG2721	Altronate dehydratase
COG2723	Beta-glucosidase/6-phospho-beta-glucosidase/beta-galactosidase
COG2730	"Aryl-phospho-beta-D-glucosidase BglC, GH1 family"
COG2731	"Beta-galactosidase, beta subunit"
COG2732	"Barstar, RNAse (barnase) inhibitor"
COG2733	"Uncharacterized membrane-anchored protein YjiN, DUF445 family"
COG2738	Zn-dependent membrane protease YugP
COG2739	"Predicted DNA-binding protein YlxM, UPF0122 family"
COG2740	"Predicted RNA-binding protein YlxR, DUF448 family"
COG2746	Aminoglycoside N3'-acetyltransferase
COG2747	Negative regulator of flagellin synthesis (anti-sigma28 factor)
COG2755	Lysophospholipase L1 or related esterase
COG2759	Formyltetrahydrofolate synthetase
COG2761	"Predicted dithiol-disulfide isomerase, DsbA family"
COG2764	"Uncharacterized conserved protein PhnB, glyoxalase superfamily"
COG2766	Predicted Ser/Thr protein kinase
COG2768	Uncharacterized Fe-S center protein
COG2770	HAMP domain
COG2771	"DNA-binding transcriptional regulator, CsgD family"
COG2801	Transposase InsO and inactivated derivatives
COG2802	"Uncharacterized protein, similar to the N-terminal domain of Lon protease"
COG2804	Type II secretory pathway ATPase GspE/PulE or T4P pilus assembly pathway ATPase PilB
COG2805	"Tfp pilus assembly protein PilT, pilus retraction ATPase"
COG2807	Cyanate permease
COG2808	Predicted FMN-binding regulatory protein PaiB
COG2810	Predicted type IV restriction endonuclease
COG2811	Archaeal/vacuolar-type H+-ATPase subunit H
COG2812	"DNA polymerase III, gamma/tau subunits"
COG2813	16S rRNA G1207 methylase RsmC
COG2814	"Predicted arabinose efflux permease, MFS family"
COG2815	"PASTA domain, binds beta-lactams"
COG2816	"NADH pyrophosphatase NudC, Nudix superfamily"
COG2818	3-methyladenine DNA glycosylase Tag
COG2819	Predicted hydrolase of the alpha/beta superfamily
COG2820	Uridine phosphorylase
COG2821	Membrane-bound lytic murein transglycosylase
COG2822	"Iron uptake system EfeUOB, periplasmic (or lipoprotein) component EfeO/EfeM"
COG2823	"Osmotically-inducible protein OsmY, contains BON domain"
COG2824	Uncharacterized Zn-ribbon-containing protein
COG2825	"Periplasmic chaperone for outer membrane proteins, Skp family"
COG2826	"Transposase and inactivated derivatives, IS30 family"
COG2827	"Predicted endonuclease, GIY-YIG superfamily"
COG2828	2-Methylaconitate cis-trans-isomerase PrpF (2-methyl citrate pathway)
COG2829	Outer membrane phospholipase A
COG2830	Uncharacterized protein
COG2831	Hemolysin activation/secretion protein
COG2832	"Uncharacterized membrane protein YbaN, DUF454 family"
COG2833	"Uncharacterized conserved protein, contains ferritin-like DUF455 domain"
COG2834	Outer membrane lipoprotein-sorting protein
COG2835	"Uncharacterized conserved protein YbaR, Trm112 family"
COG2836	Sulfite exporter TauE/SafE
COG2837	Periplasmic deferrochelatase/peroxidase EfeB
COG2838	Monomeric isocitrate dehydrogenase
COG2839	"Uncharacterized conserved protein YqgC, DUF456 family"
COG2840	"DNA-nicking endonuclease, Smr domain"
COG2841	"Uncharacterized conserved protein YdcH, DUF465 family"
COG2842	"Bacteriophage DNA transposition protein, AAA+ family ATPase"
COG2843	"Poly-gamma-glutamate biosynthesis protein CapA/YwtB (capsule formation), metallophosphatase superfamily"
COG2844	UTP:GlnB (protein PII) uridylyltransferase
COG2845	Uncharacterized protein
COG2846	"Iron-sulfur cluster repair protein YtfE, RIC family, contains ScdAN and hemerythrin domains"
COG2847	Copper(I)-binding protein
COG2848	"Uncharacterized conserved protein, UPF0210 family"
COG2849	Antitoxin component YwqK of the YwqJK toxin-antitoxin module
COG2850	"Ribosomal protein L16 Arg81 hydroxylase, contains JmjC domain"
COG2851	Mg2+/citrate symporter
COG2852	Very-short-patch-repair endonuclease
COG2853	"ABC-type transporter Mla maintaining outer membrane lipid asymmetry, lipoprotein component MlaA"
COG2854	"ABC-type transporter Mla maintaining outer membrane lipid asymmetry, periplasmic MlaC component"
COG2855	Uncharacterized membrane protein YadS
COG2856	"Zn-dependent peptidase ImmA, M78 family"
COG2857	Cytochrome c1
COG2859	Uncharacterized protein
COG2860	Uncharacterized membrane protein YeiH
COG2861	"Uncharacterized conserved protein YibQ, putative polysaccharide deacetylase 2 family"
COG2862	Uncharacterized membrane protein YqhA
COG2863	Cytochrome c553
COG2864	Cytochrome b subunit of formate dehydrogenase
COG2865	"Predicted transcriptional regulator, contains HTH domain"
COG2866	Murein tripeptide amidase MpaA
COG2867	Ribosome association toxin PasT (RatA) of the RatAB toxin-antitoxin module
COG2868	"Uncharacterized conserved protein YsxB, DUF464 family"
COG2869	"Na+-transporting NADH:ubiquinone oxidoreductase, subunit NqrC"
COG2870	"ADP-heptose synthase, bifunctional sugar kinase/adenylyltransferase"
COG2871	"Na+-transporting NADH:ubiquinone oxidoreductase, subunit NqrF"
COG2872	Ser-tRNA(Ala) deacylase AlaX (editing enzyme)
COG2873	"O-acetylhomoserine/O-acetylserine sulfhydrylase, pyridoxal phosphate-dependent"
COG2874	"Archaellum biogenesis protein FlaH, an ATPase"
COG2875	Precorrin-4 methylase
COG2876	3-deoxy-D-arabino-heptulosonate 7-phosphate (DAHP) synthase
COG2877	3-deoxy-D-manno-octulosonic acid (KDO) 8-phosphate synthase
COG2878	"Na+-translocating ferredoxin:NAD+ oxidoreductase RNF, RnfB subunit"
COG2879	"Uncharacterized short protein YbdD, DUF466 family"
COG2880	"Predicted DNA-binding protein, potential antitoxin AbrB/MazE fold"
COG2881	Uncharacterized protein
COG2882	Flagellar biosynthesis chaperone FliJ
COG2884	ABC-type ATPase involved in cell division
COG2885	Outer membrane protein OmpA and related peptidoglycan-associated (lipo)proteins
COG2886	"Predicted antitoxin, contains HTH domain"
COG2887	RecB family exonuclease
COG2888	"Predicted RNA-binding protein involved in translation, contains Zn-ribbon domain, DUF1610 family"
COG2890	Methylase of polypeptide chain release factors
COG2891	Cell shape-determining protein MreD
COG2892	"tRNA threonylcarbamoyladenosine modification (KEOPS) complex, Pcc1 subunit"
COG2893	"Phosphotransferase system, mannose/fructose-specific component IIA"
COG2894	Septum formation inhibitor-activating ATPase MinD
COG2895	"Sulfate adenylyltransferase subunit 1, EFTu-like GTPase family"
COG2896	Molybdenum cofactor biosynthesis enzyme MoaA
COG2897	"3-mercaptopyruvate sulfurtransferase SseA, contains two rhodanese domains"
COG2898	"Lysylphosphatidylglycerol synthetase, C-terminal domain, DUF2156 family"
COG2899	Uncharacterized protein
COG2900	Uncharacterized coiled-coil protein SlyX (sensitive to lysis X)
COG2901	DNA-binding protein Fis (factor for inversion stimulation)
COG2902	NAD-specific glutamate dehydrogenase
COG2904	"NADPH-dependent 7-cyano-7-deazaguanine reductase QueF, N-terminal domain"
COG2905	"Signal-transduction protein containing cAMP-binding, CBS, and nucleotidyltransferase domains"
COG2906	Bacterioferritin-associated ferredoxin
COG2907	Predicted NAD/FAD-binding protein
COG2908	"UDP-2,3-diacylglucosamine pyrophosphatase LpxH"
COG2909	"ATP-, maltotriose- and DNA-dependent transcriptional regulator MalT"
COG2910	Putative NADH-flavin reductase
COG2911	Autotransporter translocation and assembly factor TamB
COG2912	"Regulator of sirC expression, contains transglutaminase-like and TPR domains"
COG2913	"Outer membrane protein assembly factor BamE, lipoprotein component of the BamABCDE complex"
COG2914	"Putative antitoxin component PasI (RatB) of the RatAB toxin-antitoxin module, ubiquitin-RnfH superfamily"
COG2915	"Regulator of phage lambda lysogenization HflD, binds to CII and stimulates its degradation"
COG2916	DNA-binding protein H-NS
COG2917	Intracellular septation protein A
COG2918	Gamma-glutamylcysteine synthetase
COG2919	Cell division protein FtsB
COG2920	"Sulfur relay (sulfurtransferase) protein, DsrC/TusE family"
COG2921	Putative lipoic acid-binding regulatory protein
COG2922	"Uncharacterized conserved protein Smg, DUF494 family"
COG2923	"Sulfur relay (sulfurtransferase) complex TusC component, DsrF/TusC family"
COG2924	Fe-S cluster biosynthesis and repair protein YggX
COG2925	Exonuclease I
COG2926	"Uncharacterized conserved protein YeeX, DUF496 family"
COG2927	"DNA polymerase III, chi subunit"
COG2928	Uncharacterized membrane protein
COG2929	"Uncharacterized conserved protein, DUF497 family"
COG2930	Lipid-binding SYLF domain
COG2931	"Ca2+-binding protein, RTX toxin-related"
COG2932	"Phage repressor protein C, contains Cro/C1-type HTH and peptisase s24 domains"
COG2933	23S rRNA C2498 (ribose-2'-O)-methylase RlmM
COG2935	Arginyl-tRNA--protein-N-Asp/Glu arginylyltransferase
COG2936	Predicted acyl esterase
COG2937	Glycerol-3-phosphate O-acyltransferase
COG2938	"Succinate dehydrogenase flavin-adding protein, antitoxin component of the CptAB toxin-antitoxin module"
COG2939	Carboxypeptidase C (cathepsin A)
COG2940	SET domain-containing protein (function unknown)
COG2941	"Demethoxyubiquinone hydroxylase, CLK1/Coq7/Cat5 family"
COG2942	"Mannose or cellobiose epimerase, N-acyl-D-glucosamine 2-epimerase family"
COG2943	Membrane glycosyltransferase
COG2944	"DNA-binding transcriptional regulator YiaG, XRE-type HTH domain"
COG2945	Alpha/beta superfamily hydrolase
COG2946	DNA relaxase NicK
COG2947	"Predicted RNA-binding protein, contains PUA-like domain"
COG2948	"Type IV secretory pathway, VirB10 components"
COG2949	"Uncharacterized periplasmic protein SanA, affects membrane permeability for vancomycin"
COG2951	Membrane-bound lytic murein transglycosylase B
COG2952	Uncharacterized protein
COG2954	"CYTH domain, found in class IV adenylate cyclase and various triphosphatases"
COG2956	"Lipopolysaccharide biosynthesis regulator YciM, contains six TPR domains and a predicted metal-binding C-terminal domain"
COG2957	Agmatine/peptidylarginine deiminase
COG2958	Uncharacterized protein
COG2959	Uncharacterized conserved protein HemX (no evidence of involvement in heme biosynthesis)
COG2960	"Uncharacterized conserved protein YqiC, BMFP domain"
COG2961	23S rRNA A2030 N6-methylase RlmJ
COG2962	"Uncharacterized membrane protein RarD, contains two EamA domains"
COG2963	Transposase and inactivated derivatives
COG2964	"Predicted transcriptional regulator YheO, contains PAS and DNA-binding HTH domains"
COG2965	Primosomal replication protein N
COG2966	"Uncharacterized membrane protein YjjP, DUF1212 family"
COG2967	Uncharacterized protein affecting Mg2+/Co2+ transport
COG2968	"Uncharacterized conserved protein YggE, contains kinase-interacting SIMPL domain"
COG2969	Stringent starvation protein B
COG2971	"BadF-type ATPase, related to human N-acetylglucosamine kinase"
COG2972	Sensor histidine kinase YesM
COG2973	Trp operon repressor
COG2974	DNA recombination-dependent growth factor C
COG2975	Fe-S-cluster formation regulator IscX/YfhJ
COG2976	Putative negative regulator of RcsB-dependent stress response
COG2977	4'-phosphopantetheinyl transferase EntD (siderophore biosynthesis)
COG2978	p-Aminobenzoyl-glutamate transporter AbgT
COG2979	"Uncharacterized membrane protein YebE, DUF533 family"
COG2980	Outer membrane lipoprotein LptE/RlpB (LPS assembly)
COG2981	Uncharacterized protein involved in cysteine biosynthesis
COG2982	Uncharacterized protein involved in outer membrane biogenesis
COG2983	"Uncharacterized cysteine cluster protein YcgN, CxxCxxCC family"
COG2984	"ABC-type uncharacterized transport system, periplasmic component"
COG2985	"Uncharacterized membrane protein YbjL, putative transporter"
COG2986	Histidine ammonia-lyase
COG2987	Urocanate hydratase
COG2988	Succinylglutamate desuccinylase
COG2989	"Murein L,D-transpeptidase YcbB/YkuD"
COG2990	Uncharacterized protein VirK/YbjX
COG2991	Uncharacterized protein
COG2992	Uncharacterized FlgJ-related protein
COG2993	"Cbb3-type cytochrome oxidase, cytochrome c subunit"
COG2994	ACP:hemolysin acyltransferase (hemolysin-activating protein)
COG2995	Uncharacterized paraquat-inducible protein A
COG2996	"Predicted RNA-binding protein, contains S1 domains, virulence factor B family"
COG2998	"ABC-type tungstate transport system, permease component"
COG2999	Glutaredoxin 2
COG3000	"Sterol desaturase/sphingolipid hydroxylase, fatty acid hydroxylase superfamily"
COG3001	Fructosamine-3-kinase
COG3002	"Uncharacterized conserved protein YbcC, UPF0753/DUF2309 family"
COG3004	Na+/H+ antiporter NhaA
COG3005	Tetraheme cytochrome c subunit of nitrate or TMAO reductase
COG3006	"Chromosome condensin MukBEF complex, kleisin-like MukF subunit"
COG3007	Trans-2-enoyl-CoA reductase
COG3008	Paraquat-inducible protein B
COG3009	Uncharacterized lipoprotein YmbA
COG3010	Putative N-acetylmannosamine-6-phosphate epimerase
COG3011	"Predicted thiol-disulfide oxidoreductase YuxK, DCC family"
COG3012	"Uncharacterized conserved protein YchJ, contains N- and C-terminal SEC-C domains"
COG3013	"Uncharacterized protein YfbU, UPF0304 family"
COG3014	Uncharacterized protein
COG3015	Uncharacterized lipoprotein NlpE involved in copper resistance
COG3016	Uncharacterized iron-regulated protein
COG3017	"Outer membrane lipoprotein LolB, involved in outer membrane biogenesis"
COG3018	Uncharacterized protein
COG3019	Uncharacterized conserved protein
COG3021	"Uncharacterized conserved protein YafD, endonuclease/exonuclease/phosphatase (EEP) superfamily"
COG3022	"Cytoplasmic iron level regulating protein YaaA, DUF328/UPF0246 family"
COG3023	N-acetyl-anhydromuramyl-L-alanine amidase AmpD
COG3024	"Endogenous inhibitor of DNA gyrase, YacG/DUF329 family"
COG3025	"Inorganic triphosphatase YgiF, contains CYTH and CHAD domains"
COG3026	Negative regulator of sigma E activity
COG3027	"Cell division protein ZapA, inhibits GTPase activity of FtsZ"
COG3028	"Ribosomal 50S subunit-associated protein YjgA (function unknown), DUF615 family"
COG3029	Fumarate reductase subunit C
COG3030	"Protein affecting phage T7 exclusion by the F plasmid, UPF0716 family"
COG3031	"Type II secretory pathway, component PulC"
COG3033	Tryptophanase
COG3034	"Murein L,D-transpeptidase YafK"
COG3036	Stalled ribosome alternative rescue factor ArfA
COG3037	Ascorbate-specific PTS system EIIC-type component UlaA
COG3038	Cytochrome b561
COG3039	"Transposase and inactivated derivatives, IS5 family"
COG3040	Bacterial lipocalin
COG3041	"mRNA-degrading endonuclease (mRNA interferase) YafQ, toxin component of the YafQ-DinJ toxin-antitoxin module"
COG3042	Putative hemolysin
COG3043	Nitrate reductase cytochrome c-type subunit
COG3044	Predicted ATPase of the ABC class
COG3045	Periplasmic catabolite regulation protein CreA (function unknown)
COG3046	Uncharacterized protein related to deoxyribodipyrimidine photolyase
COG3047	Outer membrane protein W
COG3048	D-serine dehydratase
COG3049	"Penicillin V acylase or related amidase, Ntn superfamily"
COG3050	"DNA polymerase III, psi subunit"
COG3051	"Citrate lyase, alpha subunit"
COG3052	"Citrate lyase, gamma subunit"
COG3053	Citrate lyase synthetase
COG3054	Predicted transcriptional regulator
COG3055	N-acetylneuraminic acid mutarotase
COG3056	Uncharacterized lipoprotein YajG
COG3057	Negative regulator of replication initiation
COG3058	Formate dehydrogenase maturation protein FdhE
COG3059	Uncharacterized membrane protein YkgB
COG3060	Transcriptional regulator of met regulon
COG3061	Cell envelope opacity-associated protein A (function unknown)
COG3062	Cytoplasmic chaperone NapD for the signal peptide of periplasmic nitrate reductase NapAB
COG3063	Tfp pilus assembly protein PilF
COG3064	Membrane protein involved in colicin uptake
COG3065	Starvation-inducible outer membrane lipoprotein
COG3066	DNA mismatch repair protein MutH
COG3067	Na+/H+ antiporter NhaB
COG3068	"Uncharacterized protein YjaG, DUF416 family"
COG3069	C4-dicarboxylate transporter
COG3070	"Transcriptional regulator of competence genes, TfoX/Sxy family"
COG3071	"Uncharacterized conserved protein HemY, contains two TPR repeats"
COG3072	Adenylate cyclase
COG3073	Negative regulator of sigma E activity
COG3074	"Cell division protein ZapB, interacts with FtsZ"
COG3075	Anaerobic glycerol-3-phosphate dehydrogenase
COG3076	Regulator of RNase E activity RraB
COG3077	Antitoxin component of the RelBE or YafQ-DinJ toxin-antitoxin module
COG3078	"Ribosome assembly protein YihI, activator of Der GTPase"
COG3079	"Uncharacterized conserved protein YgfB, UPF0149 family"
COG3080	Fumarate reductase subunit D
COG3081	Nucleoid-associated protein YejK (function unknown)
COG3082	"Uncharacterized conserved protein YejL, UPF0352 family"
COG3083	"Membrane-anchored periplasmic protein YejM, alkaline phosphatase superfamily"
COG3084	"Uncharacterized protein YihD, DUF1040 family"
COG3085	"Uncharacterized conserved protein YifE, UPF0438 family"
COG3086	Positive regulator of sigma E activity
COG3087	Cell division protein FtsN
COG3088	Cytochrome c-type biogenesis protein CcmH/NrfF
COG3089	"Uncharacterized conserved protein YheU, UPF0270 family"
COG3090	"TRAP-type C4-dicarboxylate transport system, small permease component"
COG3091	"Predicted Zn-dependent metalloprotease, SprT family"
COG3092	"Uncharacterized membrane protein YfbV, UPF0208 family"
COG3093	"Plasmid maintenance system antidote protein VapI, contains XRE-type HTH domain"
COG3094	Uncharacterized membrane protein SirB2
COG3095	"Chromosome condensin MukBEF, MukE localization factor"
COG3096	"Chromosome condensin MukBEF, ATPase and DNA-binding subunit MukB [Escherichia coli str. K-12 substr. MG1655"
COG3097	"Uncharacterized protein YqfB, UPF0267 family"
COG3098	"Uncharacterized conserved protein YqcC, DUF446 family"
COG3099	"Uncharacterized conserved protein YciU, UPF0263 family"
COG3100	"Uncharacterized conserved protein YcgL, UPF0745 family"
COG3101	Elongation factor P hydroxylase (EF-P beta-lysylation pathway)
COG3102	"Uncharacterized conserved protein YecM, predicted metalloenzyme"
COG3103	"Uncharacterized conserved protein YgiM, contains N-terminal SH3 domain, DUF1202 family"
COG3104	Dipeptide/tripeptide permease
COG3105	"Uncharacterized membrane-anchored protein YhcB, DUF1043 family"
COG3106	"Predicted ATPase, YcjX-like family"
COG3107	"Outer membrane lipoprotein LpoA, binds and activates PBP1a"
COG3108	"Uncharacterized conserved protein YcbK, DUF882 family"
COG3109	sRNA-binding protein
COG3110	"Uncharacterized conserved protein YccT, UPF0319 family"
COG3111	"Predicted periplasmic protein YdeI with OB-fold, BOF family"
COG3112	"Uncharacterized protein YacL, UPF0231 family"
COG3113	"ABC-type transporter Mla maintaining outer membrane lipid asymmetry, MlaB component, contains STAS domain"
COG3114	Heme exporter protein D
COG3115	"Cell division protein ZipA, interacts with FtsZ"
COG3116	"Cell division protein FtsL, interacts with FtsB, FtsL and FtsQ"
COG3117	Lipopolysaccharide export system protein LptC
COG3118	"Negative regulator of GroEL, contains thioredoxin-like and TPR-like domains"
COG3119	Arylsulfatase A or related enzyme
COG3120	"Macrodomain Ter protein organizer, MatP/YcbG family"
COG3121	"P pilus assembly protein, chaperone PapD"
COG3122	"Uncharacterized conserved protein YaiL, DUF2058 family"
COG3123	"Uncharacterized conserved protein YaiE, UPF0345 family"
COG3124	Acyl carrier protein phosphodiesterase
COG3125	"Heme/copper-type cytochrome/quinol oxidase, subunit 4"
COG3126	Uncharacterized lipoprotein YbaY
COG3127	"Predicted ABC-type transport system involved in lysophospholipase L1 biosynthesis, permease component"
COG3128	Predicted 2-oxoglutarate- and Fe(II)-dependent dioxygenase YbiX
COG3129	23S rRNA A1618 N6-methylase RlmF
COG3130	Ribosome modulation factor
COG3131	Periplasmic glucans biosynthesis protein
COG3132	"Uncharacterized conserved protein YceH, UPF0502 family"
COG3133	Outer membrane lipoprotein SlyB
COG3134	"Uncharacterized conserved protein YcfJ, contains glycine zipper 2TM domain"
COG3135	Predicted benzoate:H+ symporter BenE
COG3136	"Uncharacterized membrane protein, GlpM family"
COG3137	Putative salt-induced outer membrane protein YdiY
COG3138	Arginine/ornithine N-succinyltransferase beta subunit
COG3139	"Uncharacterized conserved protein YeaC, DUF1315 family"
COG3140	"Uncharacterized conserved protein YoaH, UPF0181 family"
COG3141	"dsDNA-binding SOS-regulon protein, induction by DNA damage requires cAMP"
COG3142	Copper homeostasis protein CutC
COG3143	"Chemotaxis regulator CheZ, phosphatase of CheY~P"
COG3144	Flagellar hook-length control protein FliK
COG3145	Alkylated DNA repair dioxygenase AlkB
COG3146	Predicted N-acyltransferase
COG3147	Cell division protein DedD (periplasmic protein involved in septation)
COG3148	"Uncharacterized conserved protein YfiP, DTW domain"
COG3149	"Type II secretory pathway, component PulM"
COG3150	"Predicted esterase YcpF, UPF0227 family"
COG3151	"Uncharacterized protein YqiB, DUF1249 family"
COG3152	"Uncharacterized membrane protein YhaH, DUF805 family"
COG3153	Predicted N-acetyltransferase YhbS
COG3154	"Predicted lipid carrier protein YhbT, SCP2 domain"
COG3155	Enhancing lycopene biosynthesis protein 2
COG3156	"Type II secretory pathway, component PulK"
COG3157	Type VI protein secretion system component Hcp (secreted cytotoxin)
COG3158	K+ transporter
COG3159	"Uncharacterized conserved protein YigA, DUF484 family"
COG3160	Regulator of sigma D
COG3161	4-hydroxybenzoate synthetase (chorismate-pyruvate lyase)
COG3162	"Uncharacterized membrane protein, DUF485 family"
COG3164	"Uncharacterized conserved protein YhdP, contains DUF3971 and AsmA2 domains"
COG3165	"Ubiquinone biosynthesis protein UbiJ, contains SCP2 domain"
COG3166	Tfp pilus assembly protein PilN
COG3167	Tfp pilus assembly protein PilO
COG3168	Tfp pilus assembly protein PilP
COG3169	"Uncharacterized conserved protein, DUF486 family"
COG3170	Tfp pilus assembly protein FimV
COG3171	"Uncharacterized conserved protein YggL, DUF469 family"
COG3172	Nicotinamide riboside kinase
COG3173	"Predicted kinase, aminoglycoside phosphotransferase (APT) family"
COG3174	"Uncharacterized membrane protein, DUF4010 family"
COG3175	Cytochrome c oxidase assembly protein Cox11
COG3176	Putative hemolysin
COG3177	Fic family protein
COG3178	"Predicted phosphotransferase, aminoglycoside/choline kinase (APH/ChoK) family"
COG3179	Predicted chitinase
COG3180	"Uncharacterized membrane protein AbrB, regulator of aidB expression"
COG3181	"Tripartite-type tricarboxylate transporter, receptor component TctC"
COG3182	Uncharacterized iron-regulated membrane protein
COG3183	"Predicted restriction endonuclease, HNH family"
COG3184	Uncharacterized protein
COG3185	4-hydroxyphenylpyruvate dioxygenase and related hemolysins
COG3186	Phenylalanine-4-hydroxylase
COG3187	Heat shock protein HslJ
COG3188	Outer membrane usher protein FimD/PapC
COG3189	"Uncharacterized conserved protein YeaO, DUF488 family"
COG3190	Flagellar biogenesis protein FliO
COG3191	L-aminopeptidase/D-esterase
COG3192	"Ethanolamine transporter EutH, required for ethanolamine utilization at low pH"
COG3193	"Uncharacterized conserved protein GlcG, DUF336 family"
COG3194	Ureidoglycolate hydrolase (allantoin degradation)
COG3195	2-oxo-4-hydroxy-4-carboxy--5-ureidoimidazoline (OHCU) decarboxylase
COG3196	"Uncharacterized protein CbrC, UPF0167 family"
COG3197	"Uncharacterized protein, possibly involved in nitrogen fixation"
COG3198	Uncharacterized protein
COG3199	Predicted polyphosphate- or ATP-dependent NAD kinase
COG3200	"3-deoxy-D-arabino-heptulosonate 7-phosphate (DAHP) synthase, class II"
COG3201	Nicotinamide riboside transporter PnuC
COG3202	ATP/ADP translocase
COG3203	Outer membrane protein (porin)
COG3204	Uncharacterized protein YjiK
COG3205	Uncharacterized membrane protein
COG3206	Uncharacterized protein involved in exopolysaccharide biosynthesis
COG3207	Pyoverdine/dityrosine biosynthesis protein Dit1
COG3208	Surfactin synthase thioesterase subunit
COG3209	"Uncharacterized conserved protein RhaS, contains 28 RHS repeats"
COG3210	Large exoprotein involved in heme utilization or adhesion
COG3211	"Secreted phosphatase, PhoX family"
COG3212	Uncharacterized membrane protein YkoI
COG3213	Uncharacterized protein involved in response to NO
COG3214	"Uncharacterized conserved protein YcaQ, contains winged helix DNA-binding domain"
COG3215	Tfp pilus assembly protein PilZ
COG3216	"Uncharacterized conserved protein, DUF2062 family"
COG3217	"Uncharacterized conserved protein YcbX, contains MOSC and Fe-S domains"
COG3218	"ABC-type uncharacterized transport system, auxiliary component"
COG3219	Uncharacterized protein
COG3220	"Uncharacterized conserved protein, UPF0276 family"
COG3221	"ABC-type phosphate/phosphonate transport system, periplasmic component"
COG3222	"Uncharacterized conserved protein, glycosyltransferase A (GT-A) superfamily, DUF2064 family"
COG3223	Phosphate starvation-inducible membrane PsiE (function unknown)
COG3224	Antibiotic biosynthesis monooxygenase (ABM) superfamily enzyme
COG3225	"ABC-type uncharacterized transport system involved in gliding motility, auxiliary component"
COG3226	DNA-binding transcriptional regulator YbjK
COG3227	Zn-dependent metalloprotease
COG3228	"Mlc titration factor MtfA, regulates ptsG expression"
COG3230	Heme oxygenase
COG3231	Aminoglycoside phosphotransferase
COG3232	5-carboxymethyl-2-hydroxymuconate isomerase
COG3233	Predicted deacetylase
COG3234	"Uncharacterized conserved protein YfaT, DUF1175 family"
COG3235	Uncharacterized membrane protein
COG3236	"Predicted NAD-dependent protein-ADP-ribosyltransferase YbiA, DUF1768 family"
COG3237	"Uncharacterized conserved protein YjbJ, UPF0337 family"
COG3238	"Uncharacterized membrane protein YdcZ, DUF606 family"
COG3239	Fatty acid desaturase
COG3240	Phospholipase/lecithinase/hemolysin
COG3241	Azurin
COG3242	"Uncharacterized conserved protein YjeT, DUF2065 family"
COG3243	Poly(3-hydroxyalkanoate) synthetase
COG3245	Cytochrome c5
COG3246	"Uncharacterized conserved protein, DUF849 family"
COG3247	"Uncharacterized membrane protein HdeD, DUF308 family"
COG3248	Nucleoside-specific outer membrane channel protein Tsx
COG3249	Uncharacterized protein
COG3250	Beta-galactosidase/beta-glucuronidase
COG3251	"Uncharacterized conserved protein YbdZ, MbtH family"
COG3252	Methenyltetrahydromethanopterin cyclohydrolase
COG3253	Chlorite dismutase
COG3254	L-rhamnose mutarotase
COG3255	Putative sterol carrier protein
COG3256	Nitric oxide reductase large subunit
COG3257	"Uncharacterized protein, possibly involved in glyoxylate utilization"
COG3258	Cytochrome c
COG3259	"Coenzyme F420-reducing hydrogenase, alpha subunit"
COG3260	"Ni,Fe-hydrogenase III small subunit"
COG3261	"Ni,Fe-hydrogenase III large subunit"
COG3262	"Ni,Fe-hydrogenase III component G"
COG3263	NhaP-type Na+/H+ and K+/H+ antiporter with C-terminal TrkAC and CorC domains
COG3264	Small-conductance mechanosensitive channel
COG3265	Gluconate kinase
COG3266	"Cell division protein DamX, binds to the septal ring, contains C-terminal SPOR domain"
COG3267	"Type II secretory pathway, component ExeA (predicted ATPase)"
COG3268	"Uncharacterized conserved protein, related to short-chain dehydrogenases"
COG3269	"Predicted RNA-binding protein, contains TRAM domain"
COG3270	"Ribosome biogenesis protein, NOL1/NOP2/fmu family"
COG3271	Predicted double-glycine peptidase
COG3272	"Uncharacterized conserved protein YbgA, DUF1722 family"
COG3273	"Uncharacterized conserved protein, contains PhoU and TrkA_C domains"
COG3274	"Surface polysaccharide O-acyltransferase, integral membrane enzyme"
COG3275	"Sensor histidine kinase, LytS/YehU family"
COG3276	Selenocysteine-specific translation elongation factor
COG3277	rRNA processing protein Gar1
COG3278	"Cbb3-type cytochrome oxidase, subunit 1"
COG3279	"DNA-binding response regulator, LytR/AlgR family"
COG3280	Maltooligosyltrehalose synthase
COG3281	Predicted trehalose synthase
COG3283	Transcriptional regulator of aromatic amino acids metabolism
COG3284	Transcriptional regulator of acetoin/glycerol metabolism
COG3285	Eukaryotic-type DNA primase
COG3286	Uncharacterized protein
COG3287	"Uncharacterized conserved protein, contains FIST_N domain"
COG3288	NAD/NADP transhydrogenase alpha subunit
COG3290	Sensor histidine kinase regulating citrate/malate metabolism
COG3291	PKD repeat
COG3292	Periplasmic ligand-binding sensor domain
COG3293	Transposase
COG3294	"Metal-dependent phosphatase/phosphodiesterase, HD supefamily"
COG3295	Uncharacterized protein
COG3296	"Uncharacterized conserved protein, Tic20 family"
COG3297	"Type II secretory pathway, component PulL"
COG3298	Predicted 3'-5' exonuclease related to the exonuclease domain of PolB
COG3299	Uncharacterized phage protein gp47/JayE
COG3300	"MHYT domain, NO-binding membrane sensor"
COG3301	"Formate-dependent nitrite reductase, membrane component NrfD"
COG3302	DMSO reductase anchor subunit
COG3303	"Formate-dependent nitrite reductase, periplasmic cytochrome c552 subunit"
COG3304	"Uncharacterized membrane protein YccF, DUF307 family"
COG3305	"Uncharacterized membrane protein, DUF2068 family"
COG3306	"Glycosyltransferase involved in LPS biosynthesis, GR25 family"
COG3307	O-antigen ligase
COG3308	Uncharacterized membrane protein
COG3309	Virulence-associated protein VapD (function unknown)
COG3310	Uncharacterized protein
COG3311	Predicted DNA-binding transcriptional regulator AlpA
COG3312	FoF1-type ATP synthase assembly protein I
COG3313	"Predicted Fe-S protein YdhL, DUF1289 family"
COG3314	"Uncharacterized membrane protein YjiH, contains nucleoside recognition GATE domain"
COG3315	O-Methyltransferase involved in polyketide biosynthesis
COG3316	Transposase (or an inactivated derivative)
COG3317	Uncharacterized lipoprotein
COG3318	"Uncharacterized conserved protein YecA, UPF0149 family, contains C-terminal Zn-binding SEC-C motif"
COG3319	Thioesterase domain of type I polyketide synthase or non-ribosomal peptide synthetase
COG3320	Thioester reductase domain of alpha aminoadipate reductase Lys2 and NRPSs
COG3321	Acyl transferase domain in polyketide synthase (PKS) enzymes
COG3322	Extracellular (periplasmic) sensor domain CHASE (specificity unknown)
COG3323	Uncharacterized protein
COG3324	Predicted enzyme related to lactoylglutathione lyase
COG3325	"Chitinase, GH18 family"
COG3326	"Uncharacterized membrane protein YsdA, DUF1294 family"
COG3327	DNA-binding transcriptional regulator PaaX (phenylacetic acid degradation)
COG3328	Transposase (or an inactivated derivative)
COG3329	Uncharacterized conserved protein
COG3330	Uncharacterized conserved protein
COG3331	"Penicillin-binding protein-related factor A, putative recombinase"
COG3332	"Uncharacterized conserved protein, contains NRDE domain"
COG3333	TctA family transporter
COG3334	"Flagellar motility protein MotE, a chaperone for MotC folding"
COG3335	Transposase
COG3336	Cytochrome c oxidase assembly factor CtaG
COG3337	"CRISPR/Cas system CMR-associated protein Cmr5, small subunit"
COG3338	Carbonic anhydrase
COG3339	"Uncharacterized membrane protein YkvA, DUF1232 family"
COG3340	Peptidase E
COG3341	"RNase HI-related protein, contains viroplasmin and RNaseH domains"
COG3342	"Uncharacterized conserved protein, Ntn-hydrolase superfamily"
COG3343	"DNA-directed RNA polymerase, delta subunit"
COG3344	Retron-type reverse transcriptase
COG3345	Alpha-galactosidase
COG3346	Cytochrome oxidase assembly protein ShyY1
COG3347	"Rhamnose utilisation protein RhaD, predicted bifunctional aldolase and dehydrogenase"
COG3349	"Uncharacterized conserved protein, contains NAD-binding domain and a Fe-S cluster"
COG3350	"Uncharacterized conserved protein, YHS domain"
COG3351	Archaellum component FlaD/FlaE
COG3352	Archaellum component FlaC
COG3353	"Archaellum component FlaF, FlaF/FlaG flagellin family"
COG3354	"Archaellum component FlaG, FlaF/FlaG flagellin family"
COG3355	Predicted transcriptional regulator
COG3356	"Predicted membrane-associated lipid hydrolase, neutral ceramidase superfamily"
COG3357	Predicted transcriptional regulator containing an HTH domain fused to a Zn-ribbon
COG3358	"Uncharacterized conserved protein, DUF1684 family"
COG3359	"Uncharacterized conserved protein YprB, contains RNaseH-like and TPR domains"
COG3360	Flavin-binding protein dodecin
COG3361	"Uncharacterized protein YqjF, DUF2071 family"
COG3363	Archaeal IMP cyclohydrolase
COG3364	"Predicted nucleic acid-binding protein, contains Zn-ribbon domain"
COG3365	Uncharacterized protein
COG3366	Uncharacterized protein
COG3367	"Uncharacterized conserved protein, NAD-dependent epimerase/dehydratase family"
COG3368	Predicted permease
COG3369	"Uncharacterized protein, contains Zn-finger domain of CDGSH type"
COG3370	Uncharacterized protein
COG3371	Uncharacterized membrane protein
COG3372	"Predicted nuclease of restriction endonuclease-like (RecB) superfamily, implicated in nucleotide excision repair"
COG3373	"Predicted transcriptional regulator, contains HTH domain"
COG3374	Uncharacterized membrane protein
COG3375	"Predicted acetyltransferase, GNAT superfamily"
COG3376	High-affinity nickel permease
COG3377	"Uncharacterized protein YunC, DUF1805 family"
COG3378	Phage- or plasmid-associated DNA primase
COG3379	"Predicted phosphohydrolase or phosphomutase, AlkP superfamily"
COG3380	Predicted NAD/FAD-dependent oxidoreductase
COG3381	Cytoplasmic chaperone TorD involved in molybdoenzyme TorA maturation
COG3382	B3/B4 domain (DNA/RNA-binding domain of Phe-tRNA-synthetase)
COG3383	Predicted molibdopterin-dependent oxidoreductase YjgC
COG3384	"Aromatic ring-opening dioxygenase, catalytic subunit, LigB family"
COG3385	IS4 transposase
COG3386	Sugar lactone lactonase YvrE
COG3387	"Glucoamylase (glucan-1,4-alpha-glucosidase), GH15 family"
COG3388	Predicted transcriptional regulator
COG3389	"Presenilin-like membrane protease, A22 family"
COG3390	Replication protein A (RPA) family protein
COG3391	DNA-binding beta-propeller fold protein YncE
COG3392	Adenine-specific DNA methylase
COG3393	"Predicted acetyltransferase, GNAT family"
COG3394	"Predicted glycoside hydrolase or deacetylase ChbG, UPF0249 family"
COG3395	"Uncharacterized conserved protein YgbK, DUF1537 family"
COG3396	"1,2-phenylacetyl-CoA epoxidase, catalytic subunit"
COG3397	"Predicted carbohydrate-binding protein, contains CBM5 and CBM33 domains"
COG3398	"Predicted transcriptional regulator, containsd two HTH domains"
COG3399	Uncharacterized protein
COG3400	Uncharacterized protein
COG3401	Fibronectin type 3 domain
COG3402	"Uncharacterized membrane protein YdbS, contains bPH2 (bacterial pleckstrin homology) domain"
COG3403	"Uncharacterized protein YcgG, contains conserved FPC and CPF motifs"
COG3404	Formiminotetrahydrofolate cyclodeaminase
COG3405	"Endo-1,4-beta-D-glucanase Y"
COG3407	Mevalonate pyrophosphate decarboxylase
COG3408	"Glycogen debranching enzyme (alpha-1,6-glucosidase)"
COG3409	Peptidoglycan-binding (PGRP) domain of peptidoglycan hydrolases
COG3410	"Uncharacterized protein, DUF2075 family"
COG3411	(2Fe-2S) ferredoxin
COG3412	PTS-EIIA-like component DhaM of the dihydroxyacetone kinase DhaKLM complex
COG3413	"Predicted DNA binding protein, contains HTH domain"
COG3414	"Phosphotransferase system, galactitol-specific IIB component"
COG3415	Transposase
COG3416	Uncharacterized protein
COG3417	"Outer membrane lipoprotein LpoB, binds and activates PBP1b"
COG3418	Flagellar biosynthesis/type III secretory pathway chaperone
COG3419	"Tfp pilus assembly protein, tip-associated adhesin PilY1"
COG3420	"Nitrous oxidase accessory protein NosD, contains tandem CASH domains"
COG3421	Uncharacterized protein
COG3422	"Uncharacterized conserved protein YegP, UPF0339 family"
COG3423	"Predicted transcriptional regulator, lambda repressor-like DNA-binding domain"
COG3424	Predicted naringenin-chalcone synthase
COG3425	3-hydroxy-3-methylglutaryl CoA synthase
COG3426	Butyrate kinase
COG3427	Carbon monoxide dehydrogenase subunit G
COG3428	"Uncharacterized membrane protein YdbT, contains bPH2 (bacterial pleckstrin homology) domain"
COG3429	"Glucose-6-phosphate dehydrogenase assembly protein OpcA, contains a peptidoglycan-binding domain"
COG3430	"Archaeal flagellin (archaellin), FlaG/FlaF family"
COG3431	"Uncharacterized membrane protein, DUF373 family"
COG3432	Predicted transcriptional regulator
COG3433	Aryl carrier domain
COG3434	"c-di-GMP-related signal transduction protein, contains EAL and HDOD domains"
COG3435	"Gentisate 1,2-dioxygenase"
COG3436	Transposase
COG3437	"Response regulator c-di-GMP phosphodiesterase, RpfG family, contains REC and HD-GYP domains"
COG3439	"Uncharacterized conserved protein, DUF302 family"
COG3440	Predicted restriction endonuclease
COG3442	Glutamine amidotransferase related to the GATase domain of CobQ
COG3443	Periplasmic Zn/Cd-binding protein ZinT
COG3444	"Phosphotransferase system, mannose/fructose/N-acetylgalactosamine-specific component IIB"
COG3445	Autonomous glycyl radical cofactor GrcA
COG3447	Integral membrane sensor domain MASE1
COG3448	CBS-domain-containing membrane protein
COG3449	DNA gyrase inhibitor GyrI
COG3450	Predicted enzyme of the cupin superfamily
COG3451	"Type IV secretory pathway, VirB4 component"
COG3452	Extracellular (periplasmic) sensor domain CHASE (specificity unknown)
COG3453	"Predicted phosphohydrolase, protein tyrosine phosphatase (PTP) superfamily, DUF442 family"
COG3454	Alpha-D-ribose 1-methylphosphonate 5-triphosphate diphosphatase PhnM
COG3455	Type VI protein secretion system component VasF
COG3456	"Predicted component of the type VI protein secretion system, contains a FHA domain"
COG3457	Predicted amino acid racemase
COG3458	Cephalosporin-C deacetylase or related acetyl esterase
COG3459	Cellobiose phosphorylase
COG3460	"1,2-phenylacetyl-CoA epoxidase, PaaB subunit"
COG3461	Uncharacterized protein
COG3462	Uncharacterized membrane protein
COG3463	Uncharacterized membrane protein
COG3464	Transposase
COG3465	Uncharacterized protein YwgA
COG3466	Putative transposon-encoded protein
COG3467	"Nitroimidazol reductase NimA or a related FMN-containing flavoprotein, pyridoxamine 5'-phosphate oxidase superfamily"
COG3468	"Type V secretory pathway, adhesin AidA"
COG3469	Chitinase
COG3470	Uncharacterized protein probably involved in high-affinity Fe2+ transport
COG3471	Predicted secreted (periplasmic) protein
COG3472	Uncharacterized protein
COG3473	Maleate cis-trans isomerase
COG3474	Cytochrome c2
COG3475	Phosphorylcholine metabolism protein LicD
COG3476	Tryptophan-rich sensory protein (mitochondrial benzodiazepine receptor homolog)
COG3477	"Uncharacterized membrane protein YagU, involved in acid resistance, DUF1440 family"
COG3478	"Predicted nucleic-acid-binding protein, contains Zn-ribbon domain"
COG3479	Phenolic acid decarboxylase
COG3480	Predicted secreted protein containing a PDZ domain
COG3481	"3'-5' exoribonuclease YhaM, can participate in 23S rRNA maturation, HD superfamily"
COG3482	Uncharacterized protein
COG3483	"Tryptophan 2,3-dioxygenase (vermilion)"
COG3484	Predicted proteasome-type protease
COG3485	"Protocatechuate 3,4-dioxygenase beta subunit"
COG3486	Lysine/ornithine N-monooxygenase
COG3487	Uncharacterized iron-regulated protein
COG3488	"Uncharacterized conserved protein with two CxxC motifs, DUF1111 family"
COG3489	Predicted periplasmic lipoprotein
COG3490	Uncharacterized protein
COG3491	Isopenicillin N synthase and related dioxygenases
COG3492	Uncharacterized protein
COG3493	Na+/citrate or Na+/malate symporter
COG3494	"Uncharacterized conserved protein, DUF1009 family"
COG3495	Uncharacterized protein
COG3496	"Uncharacterized conserved protein, DUF1365 family"
COG3497	Phage tail sheath protein FI
COG3498	Phage tail tube protein FII
COG3499	Phage protein U
COG3500	Phage protein D
COG3501	"Uncharacterized conserved protein, implicated in type VI secretion and phage assembly"
COG3502	"Uncharacterized conserved protein, DUF952 family"
COG3503	Uncharacterized membrane protein
COG3504	"Type IV secretory pathway, VirB9 components"
COG3505	"Type IV secretory pathway, VirD4 component, TraG/TraD family ATPase"
COG3506	"Regulation of enolase protein 1 (function unknown), concanavalin A-like superfamily"
COG3507	Beta-xylosidase
COG3508	"Homogentisate 1,2-dioxygenase"
COG3509	Poly(3-hydroxybutyrate) depolymerase
COG3510	Cephalosporin hydroxylase
COG3511	Phospholipase C
COG3512	"CRISPR/Cas system-associated protein Cas2, endoribonuclease"
COG3513	"CRISPR/Cas system Type II associated protein, contains McrA/HNH and RuvC-like nuclease domains"
COG3514	"Uncharacterized conserved protein, DUF4415 family"
COG3515	Predicted component of the type VI protein secretion system
COG3516	Predicted component of the type VI protein secretion system
COG3517	Predicted component of the type VI protein secretion system
COG3518	Predicted component of the type VI protein secretion system
COG3519	Type VI protein secretion system component VasA
COG3520	Predicted component of the type VI protein secretion system
COG3521	Predicted component of the type VI protein secretion system
COG3522	Predicted component of the type VI protein secretion system
COG3523	Type VI protein secretion system component VasK
COG3524	Capsule polysaccharide export protein KpsE/RkpR
COG3525	N-acetyl-beta-hexosaminidase
COG3526	"Predicted selenoprotein, Rdx family"
COG3527	Alpha-acetolactate decarboxylase
COG3528	Uncharacterized protein
COG3529	"Predicted nucleic-acid-binding protein, contains Zn-ribbon domain"
COG3530	"Uncharacterized conserved protein, DUF3820 family"
COG3531	"Predicted protein-disulfide isomerase , contains CxxC motif"
COG3533	"Uncharacterized conserved protein, DUF1680 family"
COG3534	Alpha-L-arabinofuranosidase
COG3535	"Uncharacterized conserved protein, DUF917 family"
COG3536	"Uncharacterized conserved protein, DUF971 family"
COG3537	"Putative alpha-1,2-mannosidase"
COG3538	Meiotically up-regulated gene 157 (Mug157) protein (function unknown)
COG3539	Pilin (type 1 fimbria component protein)
COG3540	Phosphodiesterase/alkaline phosphatase D
COG3541	Predicted nucleotidyltransferase
COG3542	"Predicted sugar epimerase, cupin superfamily"
COG3543	Uncharacterized protein
COG3544	"Uncharacterized conserved protein, DUF305 family"
COG3545	Predicted esterase of the alpha/beta hydrolase fold
COG3546	Mn-containing catalase (includes spore coat protein CotJC)
COG3547	Transposase
COG3548	Uncharacterized membrane protein
COG3549	Plasmid maintenance system killer protein
COG3550	"Serine/threonine protein kinase HipA, toxin component of the HipAB toxin-antitoxin module"
COG3551	Uncharacterized protein
COG3552	"Uncharacterized conserved protein, contains von Willebrand factor type A (vWA) domain"
COG3553	Uncharacterized protein
COG3554	Uncharacterized protein
COG3555	"Aspartyl/asparaginyl beta-hydroxylase, cupin superfamily"
COG3556	Uncharacterized membrane protein
COG3557	Uncharacterized domain/protein associated with RNAses G and E
COG3558	"Uncharacterized conserved protein, nuclear transport factor 2 (NTF2) superfamily"
COG3559	Putative exporter of polyketide antibiotics
COG3560	Fatty acid repression mutant protein (predicted oxidoreductase)
COG3561	Phage anti-repressor protein
COG3562	Capsule polysaccharide modification protein KpsS
COG3563	Capsule polysaccharide export protein KpsC/LpsZ
COG3564	"Uncharacterized conserved protein, DUF779 family"
COG3565	Predicted dioxygenase of extradiol dioxygenase family
COG3566	Uncharacterized protein
COG3567	Uncharacterized protein
COG3568	"Metal-dependent hydrolase, endonuclease/exonuclease/phosphatase family"
COG3569	DNA topoisomerase IB
COG3570	Streptomycin 6-kinase
COG3571	Predicted hydrolase of the alpha/beta-hydrolase fold
COG3572	Gamma-glutamylcysteine synthetase
COG3573	Predicted oxidoreductase
COG3575	Uncharacterized protein
COG3576	"Predicted flavin-nucleotide-binding protein, pyridoxine 5'-phosphate oxidase superfamily"
COG3577	Predicted aspartyl protease
COG3579	Aminopeptidase C
COG3580	"Predicted nucleotide-binding protein, sugar kinase/HSP70/actin superfamily"
COG3581	"Predicted nucleotide-binding protein, sugar kinase/HSP70/actin superfamily"
COG3582	Predicted nucleic acid binding protein containing the AN1-type Zn-finger
COG3583	"Uncharacterized conserved protein YabE, contains G5 and tandem DUF348 domains"
COG3584	3D (Asp-Asp-Asp) domain
COG3585	Molybdopterin-binding protein
COG3586	Predicted transport protein
COG3587	Restriction endonuclease
COG3588	Fructose-bisphosphate aldolase class 1
COG3589	Uncharacterized protein
COG3590	Predicted metalloendopeptidase
COG3591	V8-like Glu-specific endopeptidase
COG3592	Uncharacterized Fe-S cluster protein YjdI
COG3593	"Predicted ATP-dependent endonuclease of the OLD family, contains P-loop ATPase and TOPRIM domains"
COG3594	Fucose 4-O-acetylase or related acetyltransferase
COG3595	"Uncharacterized conserved protein YvlB, contains DUF4097 and DUF4098 domains"
COG3596	Predicted GTPase
COG3597	"Uncharacterized conserved protein, DUF697 family"
COG3598	RecA-family ATPase
COG3599	"Cell division septum initiation DivIVA, interacts with FtsZ, MinD and other proteins"
COG3600	Uncharacterized phage-associated protein
COG3601	Riboflavin transporter FmnP
COG3602	Uncharacterized protein
COG3603	Uncharacterized protein
COG3604	"Transcriptional regulator containing GAF, AAA-type ATPase, and DNA-binding Fis domains"
COG3605	Signal transduction protein containing GAF and PtsI domains
COG3607	Predicted lactoylglutathione lyase
COG3608	Predicted deacylase
COG3609	"Transcriptional regulator, contains Arc/MetJ-type RHH (ribbon-helix-helix) DNA-binding domain"
COG3610	"Uncharacterized membrane protein YjjB, DUF3815 family"
COG3611	Replication initiation and membrane attachment protein DnaB
COG3612	Uncharacterized protein
COG3613	Nucleoside 2-deoxyribosyltransferase
COG3614	Extracellular (periplasmic) sensor domain CHASE1 (specificity unknown)
COG3615	"Uncharacterized protein/domain, possibly involved in tellurite resistance"
COG3616	"D-serine deaminase, pyridoxal phosphate-dependent"
COG3617	Prophage antirepressor
COG3618	"Predicted metal-dependent hydrolase, TIM-barrel fold"
COG3619	"Uncharacterized membrane protein YoaK, UPF0700 family"
COG3620	Predicted transcriptional regulator with C-terminal CBS domains
COG3621	Patatin-like phospholipase/acyl hydrolase
COG3622	Hydroxypyruvate isomerase
COG3623	L-ribulose-5-phosphate 3-epimerase UlaE
COG3624	Alpha-D-ribose 1-methylphosphonate 5-triphosphate synthase subunit PhnG
COG3625	Alpha-D-ribose 1-methylphosphonate 5-triphosphate synthase subunit PhnH
COG3626	Alpha-D-ribose 1-methylphosphonate 5-triphosphate synthase subunit PhnI
COG3627	Alpha-D-ribose 1-methylphosphonate 5-phosphate C-P lyase
COG3628	Phage baseplate assembly protein W
COG3629	DNA-binding transcriptional activator of the SARP family
COG3630	"Na+-transporting methylmalonyl-CoA/oxaloacetate decarboxylase, gamma subunit"
COG3631	Ketosteroid isomerase-related protein
COG3633	Na+/serine symporter
COG3634	Alkyl hydroperoxide reductase subunit AhpF
COG3635	"2,3-bisphosphoglycerate-independent phosphoglycerate mutase, archeal type"
COG3636	DNA-binding prophage protein
COG3637	Opacity protein and related surface antigens
COG3638	"ABC-type phosphate/phosphonate transport system, ATPase component"
COG3639	"ABC-type phosphate/phosphonate transport system, permease component"
COG3640	CO dehydrogenase nickel-insertion accessory protein CooC1
COG3641	Uncharacterized membrane protein (does not regulate perfringolysin O expression)
COG3642	tRNA A-37 threonylcarbamoyl transferase component Bud32
COG3643	Glutamate formiminotransferase
COG3644	Uncharacterized protein
COG3645	"Phage antirepressor protein YoqD, KilAC domain"
COG3646	Phage regulatory protein Rha
COG3647	Uncharacterized membrane protein YjdF
COG3648	Uricase (urate oxidase)
COG3649	"CRISPR/Cas system type I-B associated protein Csh2, Cas7 group, RAMP superfamily"
COG3650	Uncharacterized membrane protein
COG3651	"Uncharacterized conserved protein, DUF2237 family"
COG3652	Predicted outer membrane protein
COG3653	N-acyl-D-aspartate/D-glutamate deacylase
COG3654	Prophage maintenance system killer protein
COG3655	"DNA-binding transcriptional regulator, XRE family"
COG3656	Predicted periplasmic protein
COG3657	Putative component of the toxin-antitoxin plasmid stabilization module
COG3658	Cytochrome b
COG3659	Carbohydrate-selective porin OprB
COG3660	Mitochondrial fission protein ELM1
COG3661	Alpha-glucuronidase
COG3662	"Uncharacterized conserved protein, DUF2236 family"
COG3663	G:T/U-mismatch repair DNA glycosylase
COG3664	Beta-xylosidase
COG3665	"Uncharacterized conserved protein YcgI, DUF1989 family"
COG3666	Transposase
COG3667	Uncharacterized protein involved in copper resistance
COG3668	Plasmid stabilization system protein ParE
COG3669	Alpha-L-fucosidase
COG3670	Carotenoid cleavage dioxygenase or a related enzyme
COG3671	Uncharacterized membrane protein
COG3672	Predicted transglutaminase-like cysteine proteinase
COG3673	"Uncharacterized protein, PA2063/DUF2235 family"
COG3675	Predicted lipase
COG3676	Transposase and inactivated derivatives
COG3677	Transposase
COG3678	Periplasmic protein refolding chaperone Spy/CpxP family
COG3679	"Cell fate regulator YlbF, YheA/YmcA/DUF963 family (controls sporulation, competence, biofilm development)"
COG3680	Uncharacterized protein
COG3681	L-cysteine desulfidase
COG3682	Predicted transcriptional regulator
COG3683	"ABC-type uncharacterized transport system, periplasmic component"
COG3684	"Tagatose-1,6-bisphosphate aldolase"
COG3685	Ferritin-like metal-binding protein YciE
COG3686	"Uncharacterized conserved protein, MAPEG superfamily"
COG3687	Predicted metal-dependent hydrolase
COG3688	Predicted RNA-binding protein containing a PIN domain
COG3689	"Uncharacterized membrane protein YcgQ, UPF0703/DUF1980 family"
COG3691	"Uncharacterized conserved protein YfcZ, UPF0381/DUF406 family"
COG3692	"Uncharacterized protein YifN, PemK superfamily"
COG3693	"Endo-1,4-beta-xylanase, GH35 family"
COG3694	"ABC-type uncharacterized transport system, permease component"
COG3695	"Alkylated DNA nucleotide flippase Atl1, participates in nucleotide excision repair, Ada-like DNA-binding domain"
COG3696	Cu/Ag efflux pump CusA
COG3697	Phosphoribosyl-dephospho-CoA transferase (holo-ACP synthetase)
COG3698	"Uncharacterized protein YigE, DUF2233 family"
COG3700	Acid phosphatase (class B)
COG3701	"Type IV secretory pathway, TrbF components"
COG3702	"Type IV secretory pathway, VirB3 components"
COG3703	Cation transport regulator ChaC
COG3704	"Type IV secretory pathway, VirB6 components"
COG3705	ATP phosphoribosyltransferase regulatory subunit HisZ
COG3706	"Two-component response regulator, PleD family, consists of two REC domains and a diguanylate cyclase (GGDEF) domain"
COG3707	"Two-component response regulator, AmiR/NasT family, consists of REC and RNA-binding antiterminator (ANTAR) domains"
COG3708	"Predicted transcriptional regulator YdeE, contains AraC-type DNA-binding domain"
COG3709	"Ribose 1,5-bisphosphokinase PhnN"
COG3710	DNA-binding winged helix-turn-helix (wHTH) domain
COG3711	Transcriptional antiterminator
COG3712	"Periplasmic ferric-dicitrate binding protein FerR, regulates iron transport through sigma-19"
COG3713	"Outer membrane scaffolding protein for murein synthesis, MipA/OmpV family"
COG3714	Uncharacterized membrane protein YhhN
COG3715	"Phosphotransferase system, mannose/fructose/N-acetylgalactosamine-specific component IIC"
COG3716	"Phosphotransferase system, mannose/fructose/N-acetylgalactosamine-specific component IID"
COG3717	5-keto 4-deoxyuronate isomerase
COG3718	5-deoxy-D-glucuronate isomerase
COG3719	Ribonuclease I
COG3720	Putative heme degradation protein
COG3721	Putative heme iron utilization protein
COG3722	"DNA-binding transcriptional regulator, MltR family"
COG3723	Recombinational DNA repair protein RecT
COG3724	Succinylarginine dihydrolase
COG3725	Membrane protein required for beta-lactamase induction
COG3726	Uncharacterized membrane protein affecting hemolysin expression
COG3727	"G:T-mismatch repair DNA endonuclease, very short patch repair protein"
COG3728	"Phage terminase, small subunit"
COG3729	"General stress protein YciG, contains tandem KGG domains"
COG3730	Phosphotransferase system sorbitol-specific component IIC
COG3731	Phosphotransferase system sorbitol-specific component IIA
COG3732	Phosphotransferase system sorbitol-specific component IIBC
COG3733	Cu2+-containing amine oxidase
COG3734	2-keto-3-deoxy-galactonokinase
COG3735	"Uncharacterized conserved protein YbaP, TraB family"
COG3736	"Type IV secretory pathway, component VirB8"
COG3737	"Uncharacterized conserved protein, contains Mth938-like domain"
COG3738	"Uncharacterized protein YijF, DUF1287 family"
COG3739	"Uncharacterized membrane protein YoaT, DUF817 family"
COG3740	Phage head maturation protease
COG3741	N-formylglutamate amidohydrolase
COG3742	"Uncharacterized protein, contains PIN domain"
COG3743	"Predicted 5' DNA nuclease, flap endonuclease-1-like, helix-3-turn-helix (H3TH) domain"
COG3744	"PIN domain nuclease, a component of toxin-antitoxin system (PIN domain)"
COG3745	Flp pilus assembly protein CpaB
COG3746	Phosphate-selective porin
COG3747	"Phage terminase, small subunit"
COG3748	Uncharacterized membrane protein
COG3749	"Uncharacterized conserved protein, DUF934 family"
COG3750	"Uncharacterized conserved protein, UPF0335 family"
COG3751	"Proline 4-hydroxylase (includes Rps23 Pro-64 3,4-dihydroxylase Tpa1), contains SM-20 domain"
COG3752	Steroid 5-alpha reductase family enzyme
COG3753	"Uncharacterized conserved protein YidB, DUF937 family"
COG3754	Lipopolysaccharide biosynthesis protein
COG3755	"Uncharacterized conserved protein YecT, DUF1311 family"
COG3756	"Uncharacterized conserved protein YdaU, DUF1376 family"
COG3757	"Lyzozyme M1 (1,4-beta-N-acetylmuramidase), GH25 family"
COG3758	Various environmental stresses-induced protein Ves (function unknown)
COG3759	Uncharacterized membrane protein
COG3760	Uncharacterized protein
COG3761	NADH:ubiquinone oxidoreductase 17.2 kD subunit
COG3762	Uncharacterized membrane protein
COG3763	"Uncharacterized protein YneF, UPF0154 family"
COG3764	Sortase (surface protein transpeptidase)
COG3765	"LPS O-antigen chain length determinant protein, WzzB/FepE family"
COG3766	"Uncharacterized membrane protein YjfL, UPF0719 family"
COG3767	Uncharacterized low-complexity protein
COG3768	"Uncharacterized membrane protein YcjF, UPF0283 family"
COG3769	"Predicted mannosyl-3-phosphoglycerate phosphatase, HAD superfamily"
COG3770	Murein endopeptidase
COG3771	"Uncharacterized membrane protein YciS, DUF1049 family"
COG3772	"Phage-related lysozyme (muramidase), GH24 family"
COG3773	"Cell wall hydrolase CwlJ, involved in spore germination"
COG3774	Mannosyltransferase OCH1 or related enzyme
COG3775	"Phosphotransferase system, galactitol-specific IIC component"
COG3776	"Uncharacterized conserved protein YhhL, DUF1145 family"
COG3777	"Hydroxyacyl-ACP dehydratase HTD2, hotdog domain"
COG3778	"Uncharacterized protein YmfQ in lambdoid prophage, DUF2313 family"
COG3779	"Uncharacterized conserved protein YegJ, DUF2314 family"
COG3780	DNA endonuclease related to intein-encoded endonucleases
COG3781	"Predicted membrane chloride channel, bestrophin family"
COG3782	Uncharacterized protein
COG3783	Soluble cytochrome b562
COG3784	"Uncharacterized conserved protein YdbL, DUF1318 family"
COG3785	Heat shock protein HspQ
COG3786	"L,D-peptidoglycan transpeptidase YkuD, ErfK/YbiS/YcfS/YnhG family"
COG3787	"Uncharacterized conserved protein YhbP, UPF0306 family"
COG3788	"Uncharacterized membrane protein YecN, MAPEG domain"
COG3789	"Uncharacterized protein YjfI, DUF2170 family"
COG3790	"Predicted membrane protein, encoded in cydAB operon"
COG3791	Uncharacterized conserved protein
COG3792	Uncharacterized protein
COG3793	Tellurite resistance protein
COG3794	Plastocyanin
COG3795	Uncharacterized conserved protein
COG3797	"Uncharacterized conserved protein, DUF1697 family"
COG3798	Uncharacterized protein
COG3799	Methylaspartate ammonia-lyase
COG3800	Predicted transcriptional regulator
COG3801	Uncharacterized protein
COG3802	Uncharacterized protein
COG3803	"Uncharacterized conserved protein, DUF924 family"
COG3804	Uncharacterized protein
COG3805	Aromatic ring-cleaving dioxygenase
COG3806	"Anti-sigma factor ChrR, cupin superfamily"
COG3807	SH3-like domain
COG3808	Na+ or H+-translocating membrane pyrophosphatase
COG3809	"Predicted nucleic acid-binding protein, contains Zn-finger domain"
COG3811	"Uncharacterized protein YjhX, UPF0386 family"
COG3812	Uncharacterized protein
COG3813	Uncharacterized protein
COG3814	Uncharacterized protein
COG3815	Uncharacterized membrane protein
COG3816	Uncharacterized protein
COG3817	Uncharacterized membrane protein
COG3818	"Predicted acetyltransferase, GNAT superfamily"
COG3819	Uncharacterized membrane protein
COG3820	Uncharacterized protein
COG3821	Uncharacterized membrane protein
COG3822	D-lyxose ketol-isomerase
COG3823	Glutamine cyclotransferase
COG3824	"Predicted Zn-dependent protease, minimal metalloprotease (MMP)-like domain"
COG3825	"Uncharacterized conserved protein, contains von Willebrand factor type A (vWA) domain"
COG3826	Uncharacterized protein
COG3827	Cell pole-organizing protein PopZ
COG3828	Type 1 glutamine amidotransferase (GATase1)-like domain
COG3829	"Transcriptional regulator containing PAS, AAA-type ATPase, and DNA-binding Fis domains"
COG3830	"ACT domain, binds amino acids and other small ligands"
COG3831	"WGR domain, predicted DNA-binding domain in MolR"
COG3832	"Uncharacterized conserved protein YndB, AHSA1/START domain"
COG3833	"ABC-type maltose transport system, permease component"
COG3835	Sugar diacid utilization regulator
COG3836	2-keto-3-deoxy-L-rhamnonate aldolase RhmA
COG3837	"Uncharacterized conserved protein, cupin superfamily"
COG3838	"Type IV secretory pathway, VirB2 components (pilins)"
COG3839	"ABC-type sugar transport system, ATPase component"
COG3840	"ABC-type thiamine transport system, ATPase component"
COG3842	"ABC-type Fe3+/spermidine/putrescine transport systems, ATPase components"
COG3843	"Type IV secretory pathway, VirD2 components (relaxase)"
COG3844	Kynureninase
COG3845	"ABC-type uncharacterized transport system, ATPase component"
COG3846	"Type IV secretory pathway, TrbL components"
COG3847	"Flp pilus assembly protein, pilin Flp"
COG3848	Phosphohistidine swiveling domain of PEP-utilizing enzymes
COG3850	"Signal transduction histidine kinase, nitrate/nitrite-specific"
COG3851	"Signal transduction histidine kinase, glucose-6-phosphate specific"
COG3852	"Signal transduction histidine kinase, nitrogen specific"
COG3853	Uncharacterized conserved protein YaaN involved in tellurite resistance
COG3854	Stage III sporulation protein SpoIIIAA
COG3855	"Fructose-1,6-bisphosphatase"
COG3856	Small basic protein (function unknown)
COG3857	ATP-dependent helicase/DNAse subunit B
COG3858	Spore germination protein YaaH
COG3859	Thiamine transporter ThiT
COG3860	Uncharacterized protein
COG3861	Stress response protein YsnF (function unknown)
COG3862	Uncharacterized protein with two CxxC motifs
COG3863	Uncharacterized protein YycO
COG3864	Predicted metal-dependent peptidase
COG3865	"Glyoxalase superfamily enzyme, possibly 3-demethylubiquinone-9 3-methyltransferase"
COG3866	Pectate lyase
COG3867	"Arabinogalactan endo-1,4-beta-galactosidase"
COG3868	Uncharacterized protein
COG3869	Protein-arginine kinase
COG3870	Uncharacterized protein YaaQ
COG3871	General stress protein 26 (function unknown)
COG3872	Uncharacterized conserved protein YqhQ
COG3874	Uncharacterized spore protein YtfJ
COG3875	Nickel-dependent lactate racemase
COG3876	"Uncharacterized conserved protein YbbC, DUF1343 family"
COG3877	Uncharacterized protein
COG3878	Uncharacterized protein YwqG
COG3879	"Uncharacterized conserved protein YlxW, UPF0749 family"
COG3880	Protein-arginine kinase activator protein McsA
COG3881	"Uncharacterized protein YrrD, contains PRC-barrel domain"
COG3882	Predicted enzyme involved in methoxymalonyl-ACP biosynthesis
COG3883	Uncharacterized N-terminal domain of peptidoglycan hydrolase CwlO
COG3884	Acyl-ACP thioesterase
COG3885	"Aromatic ring-opening dioxygenase, LigB subunit"
COG3886	HKD family nuclease
COG3887	"c-di-AMP phosphodiesterase, consists of a GGDEF-like and DHH domains"
COG3888	Predicted transcriptional regulator
COG3889	Predicted periplasmic protein
COG3890	Phosphomevalonate kinase
COG3892	Myo-inositol catabolism protein IolC
COG3893	Inactivated superfamily I helicase
COG3894	"Uncharacterized 2Fe-2 and 4Fe-4S clusters-containing protein, contains DUF4445 domain"
COG3895	Membrane-bound inhibitor of C-type lysozyme
COG3896	Chloramphenicol 3-O-phosphotransferase
COG3897	Predicted nicotinamide N-methyase
COG3898	Uncharacterized membrane-anchored protein
COG3899	Predicted ATPase
COG3900	Predicted periplasmic protein
COG3901	Regulator of nitric oxide reductase transcription
COG3903	Predicted ATPase
COG3904	Predicted periplasmic protein
COG3905	Predicted transcriptional regulator
COG3906	"Uncharacterized protein YrzB, UPF0473 family"
COG3907	"Membrane-associated enzyme, PAP2 (acid phosphatase) superfamily"
COG3908	Uncharacterized protein
COG3909	Cytochrome c556
COG3910	Predicted ATPase
COG3911	Predicted ATPase
COG3913	Uncharacterized protein
COG3914	"Predicted O-linked N-acetylglucosamine transferase, SPINDLY family"
COG3915	Uncharacterized protein
COG3916	N-acyl-L-homoserine lactone synthetase
COG3917	2-hydroxychromene-2-carboxylate isomerase
COG3918	Uncharacterized membrane protein
COG3919	"Predicted ATP-dependent carboligase, ATP-grasp superfamily"
COG3920	"Two-component sensor histidine kinase, HisKA and HATPase domains"
COG3921	Uncharacterized conserved protein
COG3923	Primosomal replication protein N''
COG3924	Uncharacterized membrane protein YhdT
COG3925	N-terminal domain of the phosphotransferase system fructose-specific component IIB
COG3926	Lysozyme family protein
COG3930	Uncharacterized protein
COG3931	Predicted N-formylglutamate amidohydrolase
COG3932	Uncharacterized conserved protein
COG3933	"Transcriptional regulatory protein LevR, contains PRD, AAA+ and EIIA domains"
COG3934	"Endo-1,4-beta-mannosidase"
COG3935	DNA replication protein DnaD
COG3936	"Membrane-bound acyltransferase YfiQ, involved in biofilm formation"
COG3937	Polyhydroxyalkanoate synthesis regulator phasin
COG3938	Proline racemase
COG3940	"Beta-xylosidase, GH43 family"
COG3941	"Phage tail tape-measure protein, controls tail length"
COG3942	Surface antigen
COG3943	Uncharacterized conserved protein
COG3944	Capsular polysaccharide biosynthesis protein
COG3945	Hemerythrin-like domain
COG3946	"Type IV secretory pathway, VirJ component"
COG3947	"Two-component response regulator, SAPR family, consists of REC, wHTH and BTAD domains"
COG3948	Phage-related baseplate assembly protein
COG3949	Uncharacterized membrane protein YkvI
COG3950	Predicted ATP-binding protein involved in virulence
COG3951	Rod binding protein domain
COG3952	Uncharacterized N-terminal domain of lipid-A-disaccharide synthase
COG3953	SLT domain protein
COG3954	Phosphoribulokinase
COG3955	"Uncharacterized protein, DUF1919 family"
COG3956	"Uncharacterized conserved protein YabN, contains tetrapyrrole methylase and MazG-like pyrophosphatase domain"
COG3957	Phosphoketolase
COG3958	"Transketolase, C-terminal subunit"
COG3959	"Transketolase, N-terminal subunit"
COG3960	Glyoxylate carboligase
COG3961	"TPP-dependent 2-oxoacid decarboxylase, includes indolepyruvate decarboxylase"
COG3962	"TPP-dependent trihydroxycyclohexane-1,2-dione (THcHDO) dehydratase, myo-inositol metabolism"
COG3963	Phospholipid N-methyltransferase
COG3964	Predicted amidohydrolase
COG3965	"Predicted Co/Zn/Cd cation transporter, cation efflux family"
COG3966	"Poly D-alanine transfer protein DltD, involved inesterification of teichoic acids"
COG3967	Short-chain dehydrogenase involved in D-alanine esterification of teichoic acids
COG3968	Glutamine synthetase type III
COG3969	"Predicted phosphoadenosine phosphosulfate sulfurtransferase, contains C-terminal DUF3440 domain"
COG3970	Fumarylacetoacetate (FAA) hydrolase family protein
COG3971	2-keto-4-pentenoate hydratase
COG3972	Superfamily I DNA and RNA helicases
COG3973	DNA helicase IV
COG3975	"Predicted metalloprotease, contains C-terminal PDZ domain"
COG3976	"Uncharacterized protein, contains FMN-binding domain"
COG3977	Alanine-alpha-ketoisovalerate (or valine-pyruvate) aminotransferase
COG3978	"Acetolactate synthase small subunit, contains ACT domain"
COG3979	Chitodextrinase
COG3980	"Spore coat polysaccharide biosynthesis protein SpsG, predicted glycosyltransferase"
COG3981	Predicted acetyltransferase
COG4001	Uncharacterized protein
COG4002	"Predicted methyltransferase MtxX, methanogen marker protein 4"
COG4003	Uncharacterized protein
COG4004	Uncharacterized protein
COG4006	"CRISPR/Cas system-associated protein Csm6, COG1517 family"
COG4007	"Predicted dehydrogenase related to H2-forming N5,N10-methylenetetrahydromethanopterin dehydrogenase"
COG4008	"Predicted metal-binding transcription factor, methanogenesis marker domain 9"
COG4009	Uncharacterized protein
COG4010	Uncharacterized protein
COG4012	"Uncharacterized protein, DUF1786 family"
COG4013	Uncharacterized protein
COG4014	Uncharacterized protein
COG4015	Predicted dinucleotide-utilizing enzyme of the ThiF/HesA family
COG4016	"Uncharacterized protein, UPF0254 family"
COG4017	Uncharacterized protein
COG4018	Uncharacterized protein
COG4019	Uncharacterized protein
COG4020	Uncharacterized protein
COG4021	tRNA(His) 5'-end guanylyltransferase
COG4022	Uncharacterized protein
COG4023	Preprotein translocase subunit Sec61beta
COG4024	Uncharacterized protein
COG4025	Uncharacterized membrane protein
COG4026	"Uncharacterized protein, contains TOPRIM domain, potential nuclease"
COG4027	3'-phosphoadenosine 5'-phosphosulfate sulfotransferase
COG4028	Predicted P-loop ATPase/GTPase
COG4029	Uncharacterized protein
COG4030	"Predicted phosphohydrolase, HAD superfamily"
COG4031	Uncharacterized protein
COG4032	"Sulfopyruvate decarboxylase, TPP-binding subunit (coenzyme M biosynthesis)"
COG4033	Uncharacterized protein
COG4034	Uncharacterized protein
COG4035	Uncharacterized membrane protein
COG4036	Energy-converting hydrogenase Eha subunit G
COG4037	Energy-converting hydrogenase Eha subunit F
COG4038	Energy-converting hydrogenase Eha subunit E
COG4039	Energy-converting hydrogenase Eha subunit C
COG4040	Uncharacterized membrane protein
COG4041	Energy-converting hydrogenase Eha subunit B
COG4042	Energy-converting hydrogenase Eha subunit A
COG4043	"ASC-1 homology (ASCH) domain, predicted RNA-binding domain"
COG4044	Uncharacterized protein
COG4046	Uncharacterized protein
COG4047	N-glycosylase/DNA lyase
COG4048	Uncharacterized protein
COG4049	"Uncharacterized protein, contains archaeal-type C2H2 Zn-finger"
COG4050	Uncharacterized protein
COG4051	Uncharacterized protein
COG4052	"Uncharacterized protein related to methyl coenzyme M reductase subunit C, methanogenesis marker protein 7"
COG4053	Uncharacterized protein
COG4054	"Methyl coenzyme M reductase, beta subunit"
COG4055	"Methyl coenzyme M reductase, subunit D"
COG4056	"Methyl coenzyme M reductase, subunit C"
COG4057	"Methyl coenzyme M reductase, gamma subunit"
COG4058	"Methyl coenzyme M reductase, alpha subunit"
COG4059	"Tetrahydromethanopterin S-methyltransferase, subunit E"
COG4060	"Tetrahydromethanopterin S-methyltransferase, subunit D"
COG4061	"Tetrahydromethanopterin S-methyltransferase, subunit C"
COG4062	"Tetrahydromethanopterin S-methyltransferase, subunit B"
COG4063	"Tetrahydromethanopterin S-methyltransferase, subunit A"
COG4064	"Tetrahydromethanopterin S-methyltransferase, subunit G"
COG4065	Uncharacterized protein
COG4066	"Uncharacterized protein, UPF0305 family"
COG4067	Uncharacterized conserved protein
COG4068	"Predicted nucleic acid-binding protein, contains Zn-ribbon domain"
COG4069	Uncharacterized protein
COG4070	"Uncharacterized protein, methanogenesis marker protein 3, UPF0288 family"
COG4071	"Uncharacterized protein, related to F420-0:gamma-glutamyl ligase"
COG4072	Uncharacterized protein
COG4073	Uncharacterized protein
COG4074	"5,10-methenyltetrahydromethanopterin hydrogenase"
COG4075	"Uncharacterized protein, distantly related to nitrogen regulatory protein PII"
COG4076	Predicted RNA methylase
COG4077	Uncharacterized protein
COG4078	Energy-converting hydrogenase Eha subunit H
COG4079	Uncharacterized protein
COG4080	SpoU rRNA Methylase family enzyme
COG4081	Uncharacterized protein
COG4083	Exosortase/Archaeosortase
COG4084	Energy-converting hydrogenase A subunit M
COG4085	"DNA/RNA endonuclease YhcR, contains UshA esterase domain"
COG4086	"Uncharacterized protein YpuA, DUF1002 family"
COG4087	Soluble P-type ATPase
COG4088	tRNA Uridine 5-carbamoylmethylation protein Kti12 (Killer toxin insensitivity protein)
COG4089	Uncharacterized membrane protein
COG4090	Uncharacterized protein
COG4091	"Predicted homoserine dehydrogenase, contains C-terminal SAF domain"
COG4092	Predicted glycosyltransferase involved in capsule biosynthesis
COG4093	Uncharacterized protein
COG4094	Uncharacterized membrane protein
COG4095	"Uncharacterized conserved protein, contains PQ loop repeat"
COG4096	"Type I site-specific restriction endonuclease, part of a restriction-modification system"
COG4097	Predicted ferric reductase
COG4098	Superfamily II DNA/RNA helicase required for DNA uptake (late competence protein)
COG4099	Predicted peptidase
COG4100	Cystathionine beta-lyase family protein involved in aluminum resistance
COG4101	"Uncharacterized protein, RmlC-like cupin domain"
COG4102	"Uncharacterized conserved protein, DUF1501 family"
COG4103	"Uncharacterized conserved protein, tellurite resistance protein B (TerB) family"
COG4104	"Zn-binding Pro-Ala-Ala-Arg (PAAR) domain, incolved in TypeVI secretion"
COG4105	"Outer membrane protein assembly factor BamD, BamD/ComL family"
COG4106	Trans-aconitate methyltransferase
COG4107	"ABC-type phosphonate transport system, ATPase component"
COG4108	Peptide chain release factor RF-3
COG4109	Predicted transcriptional regulator containing CBS domains
COG4110	Uncharacterized protein involved in tellurium resistance
COG4111	Uncharacterized conserved protein
COG4112	"Predicted phosphoesterase, NUDIX family"
COG4113	"Predicted nucleic acid-binding protein, contains PIN domain"
COG4114	"Ferric iron reductase protein FhuF, involved in iron transport"
COG4115	"Toxin component of the Txe-Axe toxin-antitoxin module, Txe/YoeB family"
COG4116	Uncharacterized protein YjbK
COG4117	Thiosulfate reductase cytochrome b subunit
COG4118	"Antitoxin component of toxin-antitoxin stability system, DNA-binding transcriptional repressor"
COG4119	"Predicted NTP pyrophosphohydrolase, NUDIX family"
COG4120	"ABC-type uncharacterized transport system, permease component"
COG4121	tRNA U34 5-methylaminomethyl-2-thiouridine-forming methyltransferase MnmC
COG4122	Predicted O-methyltransferase YrrM
COG4123	tRNA1(Val) A37 N6-methylase TrmN6
COG4124	Beta-mannanase
COG4125	Uncharacterized membrane protein
COG4126	Asp/Glu/hydantoin racemase
COG4127	"Predicted restriction endonuclease, Mrr-cat superfamily"
COG4128	"Zona occludens toxin, predicted ATPase"
COG4129	"Uncharacterized membrane protein YgaE, UPF0421/DUF939 family"
COG4130	"Predicted sugar epimerase, xylose isomerase-like family"
COG4132	"ABC-type uncharacterized transport system, permease component"
COG4133	"ABC-type transport system involved in cytochrome c biogenesis, ATPase component"
COG4134	"ABC-type uncharacterized transport system YnjBCD, periplasmic component"
COG4135	"ABC-type uncharacterized transport system YnjBCD, permease component"
COG4136	"ABC-type uncharacterized transport system YnjBCD, ATPase component"
COG4137	"ABC-type uncharacterized transport system, permease component"
COG4138	"ABC-type cobalamin transport system, ATPase component"
COG4139	"ABC-type cobalamin transport system, permease component"
COG4143	"ABC-type thiamine transport system, periplasmic component"
COG4145	Na+/panthothenate symporter
COG4146	"Uncharacterized membrane permease YidK, sodium:solute symporter family"
COG4147	Na+(or H+)/acetate symporter ActP
COG4148	"ABC-type molybdate transport system, ATPase component"
COG4149	"ABC-type molybdate transport system, permease component"
COG4150	"ABC-type sulfate transport system, periplasmic component"
COG4152	"ABC-type uncharacterized transport system, ATPase component"
COG4154	"L-fucose mutarotase/ribose pyranase, RbsD/FucU family"
COG4158	"Predicted ABC-type sugar transport system, permease component"
COG4160	"ABC-type arginine/histidine transport system, permease component"
COG4161	"ABC-type arginine transport system, ATPase component"
COG4166	"ABC-type oligopeptide transport system, periplasmic component"
COG4167	"ABC-type antimicrobial peptide transport system, ATPase component"
COG4168	"ABC-type antimicrobial peptide transport system, permease component"
COG4170	"ABC-type antimicrobial peptide transport system, ATPase component"
COG4171	"ABC-type antimicrobial peptide transport system, permease component"
COG4172	"ABC-type microcin C transport system, duplicated ATPase component YejF"
COG4174	"ABC-type microcin C transport system, permease component YejB"
COG4175	"ABC-type proline/glycine betaine transport system, ATPase component"
COG4176	"ABC-type proline/glycine betaine transport system, permease component"
COG4177	"ABC-type branched-chain amino acid transport system, permease component"
COG4178	"ABC-type uncharacterized transport system, permease and ATPase components"
COG4181	"Predicted ABC-type transport system involved in lysophospholipase L1 biosynthesis, ATPase component"
COG4185	Predicted ABC-type ATPase
COG4186	Calcineurin-like phosphoesterase superfamily protein
COG4187	Arginine utilization protein RocB
COG4188	Predicted dienelactone hydrolase
COG4189	Predicted transcriptional regulator
COG4190	Predicted transcriptional regulator
COG4191	Signal transduction histidine kinase regulating C4-dicarboxylate transport system
COG4192	Signal transduction histidine kinase regulating phosphoglycerate transport system
COG4193	Beta- N-acetylglucosaminidase
COG4194	Uncharacterized membrane protein
COG4195	"Phage-related replication protein YjqB, UPF0714/DUF867 family"
COG4196	"Uncharacterized conserved protein, DUF2126 family"
COG4197	"DNA-binding transcriptional regulator YdaS, prophage-encoded, Cro superfamily"
COG4198	"Uncharacterized conserved protein, DUF1015 family"
COG4199	ssDNA-specific exonuclease RecJ
COG4200	Uncharacterized protein
COG4206	Outer membrane cobalamin receptor protein
COG4208	"ABC-type sulfate transport system, permease component"
COG4209	"ABC-type polysaccharide transport system, permease component"
COG4211	"ABC-type glucose/galactose transport system, permease component"
COG4213	"ABC-type xylose transport system, periplasmic component"
COG4214	"ABC-type xylose transport system, permease component"
COG4215	"ABC-type arginine transport system, permease component"
COG4218	"Tetrahydromethanopterin S-methyltransferase, subunit F"
COG4219	"Signal transducer regulating beta-lactamase production, contains metallopeptidase domain"
COG4220	"Phage DNA packaging protein, Nu1 subunit of terminase"
COG4221	NADP-dependent 3-hydroxy acid dehydrogenase YdfG
COG4222	Uncharacterized conserved protein
COG4223	Uncharacterized conserved protein
COG4224	"Uncharacterized protein YnzC, UPF0291/DUF896 family"
COG4225	Rhamnogalacturonyl hydrolase YesR
COG4226	"Predicted nuclease of the RNAse H fold, HicB family"
COG4227	Antirestriction protein ArdC
COG4228	Mu-like prophage DNA circulation protein
COG4229	Enolase-phosphatase E1 involved in merthionine salvage
COG4230	Delta 1-pyrroline-5-carboxylate dehydrogenase
COG4231	"TPP-dependent indolepyruvate ferredoxin oxidoreductase, alpha subunit"
COG4232	Thiol:disulfide interchange protein
COG4233	"Thiol-disulfide interchange protein, contains DsbC and DsbD domains"
COG4235	Cytochrome c-type biogenesis protein CcmH/NrfG
COG4237	Hydrogenase-4 membrane subunit HyfE
COG4238	Outer membrane murein-binding lipoprotein Lpp
COG4239	"ABC-type microcin C transport system, permease component YejE"
COG4240	Pantothenate kinase-related protein Tda10 (topoisomerase I damage affected protein)
COG4241	"Uncharacterized conserved protein YybS, DUF2232 family"
COG4242	Cyanophycinase and related exopeptidases
COG4243	Uncharacterized membrane protein
COG4244	Uncharacterized membrane protein
COG4245	"Uncharacterized conserved protein YegL, contains vWA domain of TerY type"
COG4246	Uncharacterized protein
COG4247	3-phytase (myo-inositol-hexaphosphate 3-phosphohydrolase)
COG4248	Uncharacterized protein with protein kinase and helix-hairpin-helix DNA-binding domains
COG4249	"Uncharacterized protein, contains caspase domain"
COG4250	Sensory domain found in diguanylate cyclases and two-component systems (DICT domain)
COG4251	Bacteriophytochrome (light-regulated signal transduction histidine kinase)
COG4252	Extracellular (periplasmic) sensor domain CHASE2 (specificity unknown)
COG4253	"Uncharacterized conserved protein, DUF2345 family"
COG4254	"Uncharacterized conserved protein, contains LysM and FecR domains"
COG4255	Uncharacterized protein
COG4256	Hemin uptake protein HemP
COG4257	Streptogramin lyase
COG4258	Predicted exporter
COG4259	Uncharacterized protein
COG4260	"Membrane protease subunit, stomatin/prohibitin family, contains C-terminal Zn-ribbon domain"
COG4261	"Predicted acyltransferase, LPLAT superfamily"
COG4262	Predicted spermidine synthase with an N-terminal membrane domain
COG4263	Nitrous oxide reductase
COG4264	Siderophore synthetase component
COG4266	Allantoicase
COG4267	Uncharacterized membrane protein
COG4268	"5-methylcytosine-specific restriction endonuclease McrBC, regulatory subunit McrC"
COG4269	"Uncharacterized membrane protein YjgN, DUF898 family"
COG4270	Uncharacterized membrane protein
COG4271	Predicted nucleotide-binding protein containing TIR -like domain
COG4272	Uncharacterized membrane protein
COG4273	"Uncharacterized protein, contains metal-binding DGC domain"
COG4274	"Uncharacterized protein, contains GYD domain"
COG4275	Uncharacterized protein
COG4276	Ligand-binding SRPBCC domain
COG4277	Predicted DNA-binding protein with the Helix-hairpin-helix motif
COG4278	Uncharacterized protein
COG4279	"Uncharacterized conserved protein, contains Zn finger domain"
COG4280	Uncharacterized membrane protein
COG4281	Acyl-CoA-binding protein
COG4282	Cell wall assembly regulator SMI1
COG4283	Uncharacterized protein
COG4284	UDP-N-acetylglucosamine pyrophosphorylase
COG4285	"Uncharacterized conserved protein , conains N-terminal glutamine amidotransferase (GATase1)-like domain"
COG4286	"Uncharacterized protein, UPF0160 family"
COG4287	PhoPQ-activated pathogenicity-related protein
COG4288	Uncharacterized protein
COG4289	Uncharacterized protein
COG4290	Guanyl-specific ribonuclease Sa
COG4291	Uncharacterized membrane protein
COG4292	Low temperature requirement protein LtrA (function unknown)
COG4293	Uncharacterized protein
COG4294	UV DNA damage repair endonuclease
COG4295	Uncharacterized protein
COG4296	Uncharacterized protein
COG4297	Uncharacterized protein YjlB
COG4298	Uncharacterized protein
COG4299	Predicted acyltransferase
COG4300	"Cadmium resistance protein CadD, predicted permease"
COG4301	"Uncharacterized conserved protein, contains predicted SAM-dependent methyltransferase domain"
COG4302	"Ethanolamine ammonia-lyase, small subunit"
COG4303	"Ethanolamine ammonia-lyase, large subunit"
COG4304	Uncharacterized protein
COG4305	"Peptidoglycan-binding domain, expansin"
COG4306	Uncharacterized protein
COG4307	Uncharacterized protein
COG4308	"Limonene-1,2-epoxide hydrolase"
COG4309	"Uncharacterized conserved protein, DUF2249 family"
COG4310	"Uncharacterized protein, cotains an aminopeptidase-like domain"
COG4311	Sarcosine oxidase delta subunit
COG4312	"Predicted dithiol-disulfide oxidoreductase, DUF899 family"
COG4313	Uncharacterized conserved protein
COG4314	Nitrous oxide reductase accessory protein NosL
COG4315	Predicted lipoprotein with conserved Yx(FWY)xxD motif (function unknown)
COG4316	Uncharacterized protein
COG4317	"Xanthosine utilization system component, XapX domain"
COG4318	Uncharacterized protein
COG4319	Ketosteroid isomerase homolog
COG4320	"Uncharacterized conserved protein, DUF2252 family"
COG4321	"Predicted DNA-binding protein, contains Ribbon-helix-helix (RHH) domain"
COG4322	Uncharacterized protein
COG4323	Uncharacterized protein
COG4324	Predicted aminopeptidase
COG4325	Uncharacterized membrane protein
COG4326	Sporulation-control protein spo0M
COG4327	Uncharacterized membrane protein
COG4328	Predicted nuclease (RNAse H fold)
COG4329	Uncharacterized membrane protein
COG4330	Uncharacterized membrane protein
COG4331	Uncharacterized membrane protein
COG4332	Uncharacterized protein
COG4333	Uncharacterized protein
COG4334	Uncharacterized protein
COG4335	3-methyladenine DNA glycosylase AlkC
COG4336	"Uncharacterized protein YcsI, UPF0317 family"
COG4337	Uncharacterized protein
COG4338	Uncharacterized protein
COG4339	"Predicted metal-dependent phosphohydrolase, HD superfamily"
COG4340	Uncharacterized protein
COG4341	Predicted HD phosphohydrolase
COG4342	Intergrase/Recombinase
COG4343	"CRISPR/Cas system-associated exonuclease Cas4, RecB family"
COG4344	"Predicted transciptional regulator, contains HTH domain"
COG4345	Uncharacterized protein
COG4346	Predicted membrane-bound dolichyl-phosphate-mannose-protein mannosyltransferase
COG4347	Uncharacterized membrane protein YpjA
COG4352	Ribosomal protein L13E
COG4353	Uncharacterized protein
COG4354	"Uncharacterized protein, contains GBA2_N and DUF608 domains"
COG4357	"Uncharacterized protein, contains Zn-finger domain of CHY type"
COG4359	2-hydroxy-3-keto-5-methylthiopentenyl-1-phosphate phosphatase (methionine salvage)
COG4360	"ATP adenylyltransferase (5',5'''-P-1,P-4-tetraphosphate phosphorylase II)"
COG4362	"Nitric oxide synthase, oxygenase domain"
COG4365	"Uncharacterized protein YllA, UPF0747 family"
COG4367	Uncharacterized protein
COG4370	Uncharacterized protein
COG4371	Uncharacterized membrane protein
COG4372	"Uncharacterized conserved protein, contains DUF3084 domain"
COG4373	Mu-like prophage FluMu protein gp28
COG4374	"PIN domain nuclease, a component of toxin-antitoxin system (PIN domain)"
COG4377	Uncharacterized membrane protein YhfC
COG4378	Uncharacterized protein
COG4379	Mu-like prophage tail protein gpP
COG4380	Uncharacterized protein
COG4381	Mu-like prophage protein gp46
COG4382	Mu-like prophage protein gp16
COG4383	Mu-like prophage protein gp29
COG4384	Mu-like prophage protein gp45
COG4385	Bacteriophage P2-related tail formation protein
COG4386	Mu-like prophage tail sheath protein gpL
COG4387	Mu-like prophage protein gp36
COG4388	Mu-like prophage I protein
COG4389	Site-specific recombinase
COG4390	Uncharacterized protein
COG4391	"Uncharacterized conserved protein, contains Zn-finger domain"
COG4392	Branched-chain amino acid transport protein
COG4393	Uncharacterized membrane protein
COG4394	Uncharacterized protein
COG4395	"Predicted lipid-binding transport protein, Tim44 family"
COG4396	Mu-like prophage host-nuclease inhibitor protein Gam
COG4397	Mu-like prophage major head subunit gpT
COG4398	Small ligand-binding sensory domain FIST
COG4399	"Uncharacterized membrane protein YheB, UPF0754 family"
COG4401	Chorismate mutase
COG4402	Uncharacterized protein
COG4403	Lantibiotic modifying enzyme
COG4405	Uncharacterized protein YhfF
COG4408	Uncharacterized protein
COG4409	Neuraminidase (sialidase)
COG4412	"Bacillopeptidase F, M6 metalloprotease family"
COG4413	Urea transporter
COG4416	Mu-like prophage FluMu protein Com
COG4420	Uncharacterized membrane protein
COG4421	Capsular polysaccharide biosynthesis protein
COG4422	Bacteriophage protein gp37
COG4423	Uncharacterized protein
COG4424	LPS sulfotransferase NodH
COG4425	Uncharacterized membrane protein
COG4427	Uncharacterized protein
COG4430	"Uncharacterized conserved protein YdeI, YjbR/CyaY-like superfamily, DUF1801 family"
COG4443	Uncharacterized protein
COG4445	tRNA isopentenyl-2-thiomethyl-A-37 hydroxylase MiaE (synthesis of 2-methylthio-cis-ribozeatin)
COG4446	"Uncharacterized conserved protein, DUF1499 family"
COG4447	Uncharacterized protein related to plant photosystem II stability/assembly factor
COG4448	L-asparaginase II
COG4449	"Predicted protease, Abi (CAAX) family"
COG4451	Ribulose bisphosphate carboxylase small subunit
COG4452	Inner membrane protein involved in colicin E2 resistance
COG4453	"Uncharacterized conserved protein, DUF1778 family"
COG4454	"Uncharacterized copper-binding protein, cupredoxin-like subfamily"
COG4455	Protein of avirulence locus involved in temperature-dependent protein secretion
COG4456	Virulence-associated protein VagC (function unknown)
COG4457	Uncharacterized protein
COG4458	Uncharacterized protein
COG4459	"Periplasmic nitrate reductase system, NapE component"
COG4460	Uncharacterized protein
COG4461	Uncharacterized protein YPO0702
COG4463	Transcriptional regulator CtsR
COG4464	Tyrosine-protein phosphatase YwqE
COG4465	GTP-sensing pleiotropic transcriptional regulator CodY
COG4466	Uncharacterized protein Veg
COG4467	Regulator of replication initiation timing
COG4468	Galactose-1-phosphate uridylyltransferase
COG4469	"Competence protein CoiA-like family, contains a predicted nuclease domain"
COG4470	Uncharacterized protein YutD
COG4471	"Uncharacterized protein YlbG, UPF0298 family"
COG4472	"Uncharacterized protein, UPF0297 family"
COG4473	"Predicted ABC-type exoprotein transport system, permease component"
COG4474	Uncharacterized SPBc2 prophage-derived protein YoqJ
COG4475	"Uncharacterized protein YwlG, UPF0340 family"
COG4476	"Uncharacterized protein YktA, UPF0223 family"
COG4477	Septation ring formation regulator EzrA
COG4478	Uncharacterized membrane protein
COG4479	"Uncharacterized protein YozE, UPF0346 family"
COG4481	Uncharacterized protein
COG4483	Uncharacterized protein YqgQ
COG4485	Uncharacterized membrane protein YfhO
COG4487	Uncharacterized protein
COG4492	ACT domain-containing protein
COG4493	"Uncharacterized protein YktB, UPF0637 family"
COG4495	Uncharacterized protein
COG4496	Uncharacterized protein YerC
COG4499	Uncharacterized membrane protein YukC
COG4502	5'(3')-deoxyribonucleotidase
COG4506	"Uncharacterized beta-barrel protein YwiB, DUF1934 family"
COG4508	"Dimeric dUTPase, all-alpha-NTP-PPase (MazG) superfamily"
COG4509	Uncharacterized protein
COG4512	Accessory gene regulator protein AgrB
COG4517	Uncharacterized protein
COG4518	Mu-like prophage FluMu protein gp41
COG4519	Uncharacterized protein
COG4520	Surface antigen
COG4521	"ABC-type taurine transport system, periplasmic component"
COG4525	"ABC-type taurine transport system, ATPase component"
COG4529	Uncharacterized NAD(P)/FAD-binding protein YdhS
COG4530	Uncharacterized protein
COG4531	"ABC-type Zn2+ transport system, periplasmic component/surface adhesin"
COG4533	"DNA-binding transcriptional regulator SgrR of sgrS sRNA, contains a MarR-type HTH domain and a periplasmic-type solute-binding domain"
COG4535	"Mg2+ and Co2+ transporter CorC, contains CBS pair and CorC-HlyC domains"
COG4536	"Mg2+ and Co2+ transporter CorB, contains DUF21, CBS pair, and CorC-HlyC domains"
COG4537	Competence protein ComGC
COG4538	Uncharacterized protein
COG4539	Uncharacterized membrane protein YGL010W
COG4540	Phage P2 baseplate assembly protein gpV
COG4541	Uncharacterized membrane protein
COG4542	"Protein involved in propanediol utilization, and related proteins (includes coumermycin biosynthetic..."
COG4544	Uncharacterized conserved protein
COG4545	Glutaredoxin-related protein
COG4547	"Cobalamin biosynthesis protein CobT (nicotinate-mononucleotide:5, 6-dimethylbenzimidazole phosphorib..."
COG4548	Nitric oxide reductase activation protein
COG4549	Uncharacterized protein YcnI
COG4550	"Cell fate regulator YmcA, YheA/YmcA/DUF963 family (controls sporulation, competence, biofilm development)"
COG4551	Predicted protein tyrosine phosphatase
COG4552	Predicted acetyltransferase
COG4553	Poly-beta-hydroxyalkanoate depolymerase
COG4555	"ABC-type Na+ transport system, ATPase component NatA"
COG4558	"ABC-type hemin transport system, periplasmic component"
COG4559	"ABC-type hemin transport system, ATPase component"
COG4564	Signal transduction histidine kinase
COG4565	Response regulator of citrate/malate metabolism
COG4566	"Two-component response regulator, FixJ family, consists of REC and HTH domains"
COG4567	"Two-component response regulator, ActR/RegA family, consists of REC and Fis-type HTH domains"
COG4568	Transcriptional antiterminator Rof (Rho-off)
COG4569	Acetaldehyde dehydrogenase (acetylating)
COG4570	Holliday junction resolvase RusA (prophage-encoded endonuclease)
COG4571	Outer membrane protease
COG4572	Cation transport regulator ChaB
COG4573	"Tagatose-1,6-bisphosphate aldolase non-catalytic subunit AgaZ/GatZ"
COG4574	Serine protease inhibitor ecotin
COG4575	"Membrane-anchored ribosome-binding protein, inhibits growth in stationary phase, ElaB/YqjD/DUF883 family"
COG4576	Carboxysome shell and ethanolamine utilization microcompartment protein CcmK/EutM
COG4577	Carboxysome shell and ethanolamine utilization microcompartment protein CcmL/EutN
COG4578	DNA-binding transcriptional regulator of glucitol operon
COG4579	Isocitrate dehydrogenase kinase/phosphatase
COG4580	Maltoporin (phage lambda and maltose receptor)
COG4581	Superfamily II RNA helicase
COG4582	"Cell division protein ZapD, interacts with FtsZ"
COG4583	Sarcosine oxidase gamma subunit
COG4584	Transposase
COG4585	Signal transduction histidine kinase
COG4586	"ABC-type uncharacterized transport system, ATPase component"
COG4587	"ABC-type uncharacterized transport system, permease component"
COG4588	"Accessory colonization factor AcfC, contains ABC-type periplasmic domain"
COG4589	Predicted CDP-diglyceride synthetase/phosphatidate cytidylyltransferase
COG4590	"ABC-type uncharacterized transport system, permease component"
COG4591	"ABC-type transport system, involved in lipoprotein release, permease component"
COG4592	"ABC-type Fe2+-enterobactin transport system, periplasmic component"
COG4594	"ABC-type Fe3+-citrate transport system, periplasmic component"
COG4597	"ABC-type amino acid transport system, permease component"
COG4598	"ABC-type histidine transport system, ATPase component"
COG4603	"ABC-type uncharacterized transport system, permease component"
COG4604	"ABC-type enterochelin transport system, ATPase component"
COG4605	"ABC-type enterochelin transport system, permease component"
COG4606	"ABC-type enterochelin transport system, permease component"
COG4607	"ABC-type enterochelin transport system, periplasmic component"
COG4608	"ABC-type oligopeptide transport system, ATPase component"
COG4615	"ABC-type siderophore export system, fused ATPase and permease components"
COG4618	"ABC-type protease/lipase transport system, ATPase and permease components"
COG4619	"ABC-type iron transport system FetAB, ATPase component"
COG4623	Membrane-bound lytic murein transglycosylase MltF
COG4624	"Iron only hydrogenase large subunit, C-terminal domain"
COG4625	"Uncharacterized conserved protein, contains a C-terminal beta-barrel porin domain"
COG4626	"Phage terminase-like protein, large subunit, contains N-terminal HTH domain"
COG4627	Predicted SAM-depedendent methyltransferase
COG4628	"Uncharacterized conserved protein, DUF2132 family"
COG4630	"Xanthine dehydrogenase, iron-sulfur cluster and FAD-binding subunit A"
COG4631	"Xanthine dehydrogenase, molybdopterin-binding subunit B"
COG4632	Exopolysaccharide biosynthesis protein related to N-acetylglucosamine-1-phosphodiester alpha-N-acety...
COG4633	Plastocyanin domain containing protein
COG4634	"Predicted nuclease, contains PIN domain, potential toxin-antitoxin system component"
COG4635	"Protoporphyrinogen IX oxidase, menaquinone-dependent (flavodoxin domain)"
COG4636	"Endonuclease, Uma2 family (restriction endonuclease fold)"
COG4637	Predicted ATPase
COG4638	"Phenylpropionate dioxygenase or related ring-hydroxylating dioxygenase, large terminal subunit"
COG4639	Predicted kinase
COG4640	Uncharacterized membrane protein YvbJ
COG4641	Spore maturation protein CgeB
COG4642	Uncharacterized conserved protein
COG4643	Uncharacterized domain associated with phage/plasmid primase
COG4644	"Transposase and inactivated derivatives, TnpA family"
COG4645	Uncharacterized protein
COG4646	"Adenine-specific DNA methylase, N12 class"
COG4647	"Acetone carboxylase, gamma subunit"
COG4648	Uncharacterized membrane protein
COG4649	Uncharacterized protein
COG4650	Sigma54-dependent transcription regulator containing an AAA-type ATPase domain and a DNA-binding domain
COG4651	"Predicted Kef-type K+ transport protein, K+/H+ antiporter domain"
COG4652	Uncharacterized protein
COG4653	Predicted phage phi-C31 gp36 major capsid-like protein
COG4654	Cytochrome c551/c552
COG4655	Uncharacterized membrane protein
COG4656	"Na+-translocating ferredoxin:NAD+ oxidoreductase RNF, RnfC subunit"
COG4657	"Na+-translocating ferredoxin:NAD+ oxidoreductase RNF, RnfA subunit"
COG4658	"Na+-translocating ferredoxin:NAD+ oxidoreductase RNF, RnfD subunit"
COG4659	"Na+-translocating ferredoxin:NAD+ oxidoreductase RNF, RnfG subunit"
COG4660	"Na+-translocating ferredoxin:NAD+ oxidoreductase RNF, RnfE subunit"
COG4662	"ABC-type tungstate transport system, periplasmic component"
COG4663	"TRAP-type mannitol/chloroaromatic compound transport system, periplasmic component"
COG4664	"TRAP-type mannitol/chloroaromatic compound transport system, large permease component"
COG4665	"TRAP-type mannitol/chloroaromatic compound transport system, small permease component"
COG4666	"TRAP-type uncharacterized transport system, fused permease components"
COG4667	"Predicted phospholipase, patatin/cPLA2 family"
COG4668	"Mannitol/fructose-specific phosphotransferase system, IIA domain"
COG4669	"Type III secretory pathway, lipoprotein EscJ"
COG4670	Acyl CoA:acetate/3-ketoacid CoA transferase
COG4671	Predicted glycosyl transferase
COG4672	Phage-related protein
COG4674	"ABC-type uncharacterized transport system, ATPase component"
COG4675	Microcystin-dependent protein (function unknown)
COG4676	"Uncharacterized conserved protein YfaP, DUF2135 family"
COG4677	Pectin methylesterase and related acyl-CoA thioesterases
COG4678	Muramidase (phage lambda lysozyme)
COG4679	Phage-related protein
COG4680	"mRNA-degrading endonuclease (mRNA interferase) HigB, toxic component of the HigAB toxin-antitoxin module"
COG4681	"Uncharacterized conserved protein YaeQ, suppresses RfaH defect"
COG4682	Uncharacterized membrane protein YiaA
COG4683	Uncharacterized protein
COG4684	Uncharacterized membrane protein
COG4685	"Uncharacterized conserved protein YfaA, DUF2138 family"
COG4687	Uncharacterized protein
COG4688	Uncharacterized protein
COG4689	Acetoacetate decarboxylase
COG4690	Dipeptidase
COG4691	Plasmid stability protein
COG4692	Predicted neuraminidase (sialidase)
COG4693	"Oxidoreductase (NAD-binding), involved in siderophore biosynthesis"
COG4694	Wobble nucleotide-excising tRNase
COG4695	Phage portal protein BeeE
COG4696	"Predicted phosphohydrolase, Cof family, HAD superfamily"
COG4697	Uncharacterized protein
COG4698	Uncharacterized protein YpmS
COG4699	Uncharacterized protein
COG4700	Uncharacterized protein
COG4701	Uncharacterized protein
COG4702	"Uncharacterized protein, UPF0303 family"
COG4703	Uncharacterized protein YkuJ
COG4704	"Uncharacterized conserved protein, DUF2141 family"
COG4705	Uncharacterized membrane-anchored protein
COG4706	"Predicted 3-hydroxylacyl-ACP dehydratase, HotDog domain"
COG4707	Prophage pi2 protein 07
COG4708	Uncharacterized membrane protein
COG4709	Uncharacterized membrane protein
COG4710	Predicted DNA-binding protein with an HTH domain
COG4711	Uncharacterized membrane protein
COG4712	Uncharacterized protein
COG4713	Uncharacterized membrane protein
COG4714	Uncharacterized membrane-anchored protein
COG4715	"Uncharacterized conserved protein, contains Zn finger domain"
COG4716	Myosin-crossreactive antigen (function unknown)
COG4717	Uncharacterized protein YhaN
COG4718	Phage-related protein
COG4719	Uncharacterized protein
COG4720	Uncharacterized membrane protein
COG4721	"ABC-type thiamine/hydroxymethylpyrimidine transport system, permease component"
COG4722	Phage-related protein
COG4723	"Phage-related protein, tail component"
COG4724	Endo-beta-N-acetylglucosaminidase D
COG4725	N6-adenosine-specific RNA methylase IME4
COG4726	Tfp pilus assembly protein PilX
COG4727	Uncharacterized protein
COG4728	Uncharacterized protein
COG4729	Uncharacterized protein
COG4731	"Uncharacterized conserved protein, DUF2147 family"
COG4732	Predicted membrane protein
COG4733	"Phage-related protein, tail component"
COG4734	Antirestriction protein
COG4735	"Uncharacterized protein YaaW, UPF0174 family"
COG4736	"Cbb3-type cytochrome oxidase, subunit 3"
COG4737	Uncharacterized protein
COG4738	Predicted transcriptional regulator
COG4739	"Uncharacterized protein, contains ferredoxin domain"
COG4740	Predicted metalloprotease
COG4741	Predicted secreted endonuclease distantly related to archaeal Holliday junction resolvase
COG4742	"Predicted transcriptional regulator, contains HTH domain"
COG4743	Uncharacterized membrane protein
COG4744	Uncharacterized protein
COG4745	Predicted membrane-bound mannosyltransferase
COG4746	Uncharacterized protein
COG4747	"Uncharacterized conserved protein, contains tandem ACT domains"
COG4748	Uncharacterized protein
COG4749	Uncharacterized protein
COG4750	CTP:phosphocholine cytidylyltransferase involved in choline phosphorylation for cell surface LPS epi...
COG4752	Uncharacterized protein
COG4753	"Two-component response regulator, YesN/AraC family, consists of REC and AraC-type DNA-binding domains"
COG4754	Uncharacterized protein
COG4755	Uncharacterized protein
COG4756	Predicted cation transporter
COG4757	Predicted alpha/beta hydrolase
COG4758	Predicted membrane protein
COG4759	Uncharacterized protein
COG4760	"Uncharacterized membrane protein, YccA/Bax inhibitor family"
COG4762	"Uncharacterized protein, UPF0548 family"
COG4763	Uncharacterized membrane protein YcfT
COG4764	Uncharacterized protein
COG4765	Uncharacterized protein
COG4766	"Ethanolamine utilization protein EutQ, cupin superfamily (function unknown)"
COG4767	Glycopeptide antibiotics resistance protein
COG4768	"Uncharacterized protein YoxC, contains an MCP-like domain"
COG4769	Uncharacterized membrane protein
COG4770	"Acetyl/propionyl-CoA carboxylase, alpha subunit"
COG4771	Outer membrane receptor for ferrienterochelin and colicins
COG4772	Outer membrane receptor for Fe3+-dicitrate
COG4773	Outer membrane receptor for ferric coprogen and ferric-rhodotorulic acid
COG4774	Outer membrane receptor for monomeric catechols
COG4775	Outer membrane protein assembly factor BamA
COG4776	Exoribonuclease II
COG4778	Alpha-D-ribose 1-methylphosphonate 5-triphosphate synthase subunit PhnL
COG4779	"ABC-type enterobactin transport system, permease component"
COG4781	"Membrane-anchored glycerophosphoryl diester phosphodiesterase (GDPDase), membrane domain"
COG4782	Esterase/lipase superfamily enzyme
COG4783	"Putative Zn-dependent protease, contains TPR repeats"
COG4784	Putative Zn-dependent protease
COG4785	"Lipoprotein NlpI, contains TPR repeats"
COG4786	Flagellar basal body rod protein FlgG
COG4787	Flagellar basal body rod protein FlgF
COG4789	"Type III secretory pathway, component EscV"
COG4790	"Type III secretory pathway, component EscR"
COG4791	"Type III secretory pathway, component EscT"
COG4792	"Type III secretory pathway, component EscU"
COG4794	"Type III secretory pathway, component EscS"
COG4795	"Type II secretory pathway, component PulJ"
COG4796	"Type II secretory pathway, component HofQ"
COG4797	Predicted regulatory domain of a methyltransferase
COG4798	Predicted methyltransferase
COG4799	"Acetyl-CoA carboxylase, carboxyltransferase component"
COG4800	Predicted transcriptional regulator with an HTH domain
COG4801	"Predicted acyltransferase, contains DUF342 domain"
COG4802	"Ferredoxin-thioredoxin reductase, catalytic subunit"
COG4803	Uncharacterized membrane protein
COG4804	"Predicted nuclease of restriction endonuclease-like (RecB) superfamily, DUF1016 family"
COG4805	"Uncharacterized conserved protein, DUF885 familyt"
COG4806	L-rhamnose isomerase
COG4807	"Uncharacterized conserved protein YehS, DUF1456 family"
COG4808	"Uncharacterized lipoprotein YehR, DUF1307 family"
COG4809	Archaeal ADP-dependent phosphofructokinase/glucokinase
COG4810	"Ethanolamine utilization protein EutS, ethanolamine utilization microcompartment shell protein"
COG4811	"Uncharacterized membrane protein YobD, UPF0266 family"
COG4812	Ethanolamine utilization cobalamin adenosyltransferase
COG4813	Trehalose utilization protein
COG4814	Uncharacterized protein with an alpha/beta hydrolase fold
COG4815	Uncharacterized protein
COG4816	"Ethanolamine utilization protein EutL, ethanolamine utilization microcompartment shell protein"
COG4817	DNA-binding ferritin-like protein (Dps family)
COG4818	Uncharacterized membrane protein
COG4819	"Ethanolamine utilization protein EutA, possible chaperonin protecting lyase from inhibition"
COG4820	"Ethanolamine utilization protein EutJ, possible chaperonin"
COG4821	"Uncharacterized protein, contains SIS (Sugar ISomerase) phosphosugar binding domain"
COG4822	"Cobalamin biosynthesis protein CbiK, Co2+ chelatase"
COG4823	Abortive infection bacteriophage resistance protein
COG4824	Phage-related holin (Lysis protein)
COG4825	Uncharacterized membrane-anchored protein
COG4826	Serine protease inhibitor
COG4827	Predicted transporter
COG4828	Uncharacterized membrane protein
COG4829	Muconolactone delta-isomerase
COG4830	Ribosomal protein S26
COG4831	Roadblock/LC7 domain
COG4832	Uncharacterized protein
COG4833	"Predicted alpha-1,6-mannanase, GH76 family"
COG4834	Uncharacterized protein
COG4835	Uncharacterized protein
COG4836	Uncharacterized membrane protein YwzB
COG4837	Disulfide oxidoreductase YuzD
COG4838	"Uncharacterized protein YlaN, UPF0358 family"
COG4839	Cell division protein FtsL
COG4840	"Uncharacterized protein YfkK, UPF0435 family"
COG4841	Uncharacterized protein YneR
COG4842	Uncharacterized conserved protein YukE
COG4843	"Uncharacterized protein YebE, UPF0316 family"
COG4844	"Uncharacterized protein YuzB, UPF0349 family"
COG4845	Chloramphenicol O-acetyltransferase
COG4846	Membrane protein CcdC involved in cytochrome C biogenesis
COG4847	Uncharacterized protein
COG4848	"Uncharacterized protein YtpQ, UPF0354 family"
COG4849	Predicted nucleotidyltransferase
COG4850	Phosphatidate phosphatase APP1
COG4851	Protein involved in sex pheromone biosynthesis
COG4852	Uncharacterized membrane protein
COG4853	"Two-component signal transduction system YycFG, regulatory protein YycI"
COG4854	Uncharacterized membrane protein
COG4855	Uncharacterized protein
COG4856	"Uncharacterized protein, YbbR domain"
COG4857	"5-Methylthioribose kinase, methionine salvage pathway"
COG4858	Uncharacterized membrane-anchored protein
COG4859	Uncharacterized protein
COG4860	"Predicted DNA-binding transcriptional regulator, ArsR family"
COG4861	Uncharacterized protein
COG4862	"Negative regulator of genetic competence, sporulation and motility"
COG4863	"Two-component signal transduction system YycFG, regulatory protein YycH"
COG4864	"Uncharacterized protein YqfA, UPF0365 family"
COG4865	Glutamate mutase epsilon subunit
COG4866	Uncharacterized protein
COG4867	"Uncharacterized protein, contains von Willebrand factor type A (vWA) domain"
COG4868	"Uncharacterized protein, UPF0371 family"
COG4869	Propanediol utilization protein
COG4870	"Cysteine protease, C1A family"
COG4871	"Metal-binding trascriptional regulator, contains putative Fe-S cluster and ArsR family DNA binding domain"
COG4872	Uncharacterized membrane protein
COG4873	Uncharacterized protein YkvS
COG4874	Uncharacterized protein
COG4875	Uncharacterized protein
COG4876	Uncharacterized protein YdaT
COG4877	Uncharacterized protein
COG4878	Uncharacterized protein
COG4879	Uncharacterized protein
COG4880	Secreted protein containing C-terminal beta-propeller domain distantly related to WD-40 repeats
COG4881	Predicted membrane protein
COG4882	"Predicted aminopeptidase, Iap family"
COG4883	Uncharacterized protein
COG4884	"Uncharacterized conserved protein YfeS, contains WGR domain"
COG4885	Uncharacterized protein
COG4886	Leucine-rich repeat (LRR) protein
COG4887	Uncharacterized metal-binding protein conserved in archaea
COG4888	"Transcription elongation factor Elf1, contains Zn-ribbon domain"
COG4889	Predicted helicase
COG4890	Predicted outer membrane lipoprotein
COG4891	Uncharacterized protein
COG4892	Predicted heme/steroid binding protein
COG4893	Uncharacterized protein
COG4894	Uncharacterized protein YxjI
COG4895	Uncharacterized protein YwbE
COG4896	Uncharacterized protein YlaI
COG4897	General stress protein CsbA (function unknown)
COG4898	Uncharacterized protein
COG4899	Uncharacterized protein
COG4900	Predicted metallopeptidase
COG4901	Ribosomal protein S25
COG4902	Uncharacterized protein
COG4903	Competence transcription factor ComK
COG4904	Uncharacterized protein
COG4905	Uncharacterized membrane protein
COG4906	Uncharacterized membrane protein
COG4907	Uncharacterized membrane protein
COG4908	"Uncharacterized protein, contains a NRPS condensation (elongation) domain"
COG4909	"Propanediol dehydratase, large subunit"
COG4910	"Propanediol dehydratase, small subunit"
COG4911	Uncharacterized protein
COG4912	3-methyladenine DNA glycosylase AlkD
COG4913	Uncharacterized protein YPO0396
COG4914	Predicted nucleotidyltransferase
COG4915	5-bromo-4-chloroindolyl phosphate hydrolysis protein
COG4916	Uncharacterized protein
COG4917	"Ethanolamine utilization protein EutP, contains a P-loop NTPase domain"
COG4918	Uncharacterized protein YqkB
COG4919	Ribosomal protein S30
COG4920	Uncharacterized membrane protein
COG4921	Uncharacterized protein
COG4922	Predicted SnoaL-like aldol condensation-catalyzing enzyme
COG4923	Predicted nuclease (RNAse H fold)
COG4924	Uncharacterized protein
COG4925	Uncharacterized protein
COG4926	Phage-related protein
COG4927	Predicted choloylglycine hydrolase
COG4928	"Predicted P-loop ATPase, KAP-like"
COG4929	Uncharacterized membrane-anchored protein
COG4930	Predicted ATP-dependent Lon-type protease
COG4932	Uncharacterized surface anchored protein
COG4933	"Predicted transcriptional regulator, contains an HTH and PUA-like domains"
COG4934	"Serine protease, subtilase family"
COG4935	Regulatory P domain of the subtilisin-like proprotein convertases and other proteases
COG4936	Ligand-binding sensor domain
COG4937	Ferredoxin-fold anticodon binding domain
COG4938	Predicted ATPase
COG4939	"Major membrane immunogen, membrane-anchored lipoprotein"
COG4940	Competence protein ComGF
COG4941	"Predicted RNA polymerase sigma factor, contains C-terminal TPR domain"
COG4942	"Septal ring factor EnvC, activator of murein hydrolases AmiA and AmiB"
COG4943	"Environmental sensor c-di-GMP phosphodiesterase, contains periplasmic CSS-motif sensor and cytoplasmic EAL domain"
COG4944	Uncharacterized protein
COG4945	Carbohydrate-binding DOMON domain
COG4946	Uncharacterized N-terminal domain of tricorn protease
COG4947	Esterase/lipase superfamily enzyme
COG4948	L-alanine-DL-glutamate epimerase or related enzyme of enolase superfamily
COG4949	Uncharacterized membrane-anchored protein
COG4950	N-terminal domain of uncharacterized protein YciW (function unknown)
COG4951	Uncharacterized protein
COG4952	L-rhamnose isomerase
COG4953	Membrane carboxypeptidase/penicillin-binding protein PbpC
COG4954	Uncharacterized protein
COG4955	Uncharacterized protein YpbB
COG4956	"Uncharacterized conserved protein YacL, contains PIN and TRAM domains"
COG4957	Predicted transcriptional regulator
COG4959	"Type IV secretory pathway, protease TraF"
COG4960	"Flp pilus assembly protein, protease CpaA"
COG4961	Flp pilus assembly protein TadG
COG4962	"Pilus assembly protein, ATPase of CpaF family"
COG4963	"Flp pilus assembly protein, ATPase CpaE"
COG4964	"Flp pilus assembly protein, secretin CpaC"
COG4965	Flp pilus assembly protein TadB
COG4966	Tfp pilus assembly protein PilW
COG4967	Tfp pilus assembly protein PilV
COG4968	Tfp pilus assembly protein PilE
COG4969	"Tfp pilus assembly protein, major pilin PilA"
COG4970	Tfp pilus assembly protein FimT
COG4972	"Tfp pilus assembly protein, ATPase PilM"
COG4973	Site-specific recombinase XerC
COG4974	Site-specific recombinase XerD
COG4975	Glucose uptake protein GlcU
COG4976	"Predicted methyltransferase, contains TPR repeat"
COG4977	"Transcriptional regulator GlxA family, contains an amidase domain and an AraC-type DNA-binding HTH domain"
COG4978	Bacterial effector-binding domain
COG4980	Gas vesicle protein
COG4981	Enoyl reductase domain of yeast-type FAS1
COG4982	3-oxoacyl-ACP reductase domain of yeast-type FAS1
COG4983	"Uncharacterized protein, contains Primase-polymerase (Primpol) domain"
COG4984	Uncharacterized membrane protein
COG4985	"ABC-type phosphate transport system, auxiliary component"
COG4986	"ABC-type anion transport system, duplicated permease component"
COG4987	"ABC-type transport system involved in cytochrome bd biosynthesis, fused ATPase and permease components"
COG4988	"ABC-type transport system involved in cytochrome bd biosynthesis, ATPase and permease components"
COG4989	Predicted oxidoreductase
COG4990	Uncharacterized protein YvpB
COG4991	Uncharacterized conserved protein YraI
COG4992	Acetylornithine/succinyldiaminopimelate/putrescine aminotransferase
COG4993	Glucose dehydrogenase
COG4994	Uncharacterized protein
COG4995	"Uncharacterized conserved protein, contains CHAT domain"
COG4996	Predicted phosphatase
COG4997	"Predicted house-cleaning noncanonical NTP pyrophosphatase, all-alpha NTP-PPase (MazG) superfamily"
COG4998	"Predicted endonuclease, RecB family"
COG4999	Uncharacterized domain of BarA-like signal transduction histidine kinase
COG5000	Signal transduction histidine kinase involved in nitrogen fixation and metabolism regulation
COG5001	"Predicted signal transduction protein containing a membrane domain, an EAL and a GGDEF domain"
COG5002	Signal transduction histidine kinase
COG5003	Mu-like prophage protein gp37
COG5004	P2-like prophage tail protein X
COG5005	Mu-like prophage protein gpG
COG5006	Threonine/homoserine efflux transporter RhtA
COG5007	"Acid stress-induced BolA-like protein IbaG/YrbA, predicted regulator of iron metabolism"
COG5008	"Tfp pilus assembly protein, ATPase PilU"
COG5009	Membrane carboxypeptidase/penicillin-binding protein
COG5010	"Flp pilus assembly protein TadD, contains TPR repeats"
COG5011	"Uncharacterized conserved protein, DUF2344 family"
COG5012	Methanogenic corrinoid protein MtbC1
COG5013	Nitrate reductase alpha subunit
COG5014	"Uncharacterized Fe-S cluster-containing protein, radical SAM superfamily"
COG5015	"Uncharacterized protein, pyridoxamine 5'-phosphate oxidase (PNPOx-like) family"
COG5016	Pyruvate/oxaloacetate carboxyltransferase
COG5017	UDP-N-acetylglucosamine transferase subunit ALG13
COG5018	"Inhibitor of the KinA pathway to sporulation, predicted exonuclease"
COG5019	Septin family protein
COG5022	Myosin heavy chain
COG5026	Hexokinase
COG5029	"Prenyltransferase, beta subunit"
COG5031	Ubiquinone biosynthesis protein Coq4
COG5032	"Phosphatidylinositol kinase or protein kinase, PI-3 family"
COG5033	"Transcription initiation factor IIF, auxiliary subunit"
COG5036	SPX domain-containing protein involved in vacuolar polyphosphate accumulation
COG5038	"Ca2+-dependent lipid-binding protein, contains C2 domain"
COG5039	"Exopolysaccharide biosynthesis protein EpsI, predicted pyruvyl transferase"
COG5042	Purine nucleoside permease
COG5044	RAB proteins geranylgeranyltransferase component A (RAB escort protein)
COG5048	FOG: Zn-finger
COG5049	5'-3' exonuclease
COG5074	"t-SNARE complex subunit, syntaxin"
COG5078	Ubiquitin-protein ligase
COG5083	"Phosphatidate phosphatase PAH1, contains Lipin and LNS2 domains. can be involved in plasmid maintenance"
COG5096	"Vesicle coat complex, various subunits"
COG5108	Mitochondrial DNA-directed RNA polymerase
COG5119	"Uncharacterized protein, contains ParB-like nuclease domain"
COG5126	"Ca2+-binding protein, EF-hand superfamily"
COG5135	Uncharacterized protein
COG5146	Pantothenate kinase
COG5153	Putative lipase essential for disintegration of autophagic bodies inside the vacuole
COG5164	Transcription elongation factor
COG5183	E3 ubiquitin-protein ligase DOA10
COG5184	Alpha-tubulin suppressor and related RCC1 domain-containing proteins
COG5185	"Protein involved in chromosome segregation, interacts with SMC proteins"
COG5186	Poly(A) polymerase Pap1
COG5190	"TFIIF-interacting CTD phosphatase, includes NLI-interacting factor"
COG5206	"Glycosylphosphatidylinositol transamidase (GPIT), subunit GPI8"
COG5207	"Uncharacterized Zn-finger protein, UBP-type"
COG5212	cAMP phosphodiesterase
COG5238	Ran GTPase-activating protein (RanGAP) involved in mRNA processing and transport
COG5239	"mRNA deadenylase, 3'-5' endonuclease subunit Ccr4"
COG5255	Uncharacterized protein
COG5256	Translation elongation factor EF-1alpha (GTPase)
COG5257	"Translation initiation factor 2, gamma subunit (eIF-2gamma; GTPase)"
COG5258	GTPase
COG5260	DNA polymerase sigma
COG5263	Glucan-binding domain (YG repeat)
COG5265	"ABC-type transport system involved in Fe-S cluster assembly, permease and ATPase components"
COG5266	"Uncharacterized conserved protein, contains GH25 family domain"
COG5267	"Uncharacterized conserved protein, DUF1800 family"
COG5268	"Type IV secretory pathway, TrbD component"
COG5270	PUA domain (predicted RNA-binding domain)
COG5271	"Midasin, AAA ATPase with vWA domain, involved in ribosome maturation"
COG5272	Ubiquitin
COG5274	Cytochrome b involved in lipid metabolism
COG5275	BRCT domain type II
COG5276	Uncharacterized conserved protein
COG5277	Actin-related protein
COG5278	Extracellular (periplasmic) sensor domain CHASE3 (specificity unknown)
COG5279	"Cytokinesis protein 3, contains TGc (transglutaminase/protease-like) domain"
COG5280	Phage-related minor tail protein
COG5281	Phage-related minor tail protein
COG5282	"Uncharacterized conserved protein, DUF2342 family"
COG5283	Phage-related tail protein
COG5285	"Ectoine hydroxylase-related dioxygenase, phytanoyl-CoA dioxygenase (PhyH) family"
COG5293	"Uncharacterized protein YydD, contains DUF2326 domain"
COG5294	Uncharacterized protein YxeA
COG5295	Autotransporter adhesin
COG5297	Cellulase/cellobiase CelA1
COG5298	Uncharacterized protein YdaL
COG5301	Phage-related tail fibre protein
COG5302	Post-segregation antitoxin (ccd killing mechanism protein) encoded by the F plasmid
COG5304	"Predicted DNA binding protein, CopG/RHH family"
COG5305	Uncharacterized membrane protein
COG5306	Uncharacterized protein
COG5307	"Guanine-nucleotide exchange factor, contains Sec7 domain"
COG5309	"Exo-beta-1,3-glucanase, GH17 family"
COG5310	Homospermidine synthase
COG5314	Conjugal transfer/entry exclusion protein
COG5316	Uncharacterized protein
COG5317	Uncharacterized protein
COG5319	Uncharacterized protein
COG5321	Uncharacterized protein
COG5322	Predicted amino acid dehydrogenase
COG5323	Large terminase phage packaging protein
COG5328	"Uncharacterized protein, UPF0262 family"
COG5330	"Uncharacterized conserved protein, DUF2336 family"
COG5331	Uncharacterized protein
COG5336	FoF1-type ATP synthase assembly protein I
COG5337	Spore coat protein CotH
COG5338	Uncharacterized protein
COG5339	"Uncharacterized conserved protein YdgA, DUF945 family"
COG5340	"Transcriptional regulator, predicted component of viral defense system"
COG5341	Uncharacterized protein
COG5342	"Invasion protein IalB, involved in pathogenesis"
COG5343	Anti-sigma-K factor RskA
COG5345	Uncharacterized protein
COG5346	Uncharacterized membrane protein
COG5349	"Uncharacterized conserved protein, DUF983 family"
COG5350	Predicted protein tyrosine phosphatase
COG5351	Uncharacterized protein
COG5352	Uncharacterized protein
COG5353	Uncharacterized protein YpmB
COG5354	"Uncharacterized protein, contains Trp-Asp (WD) repeat"
COG5360	"Uncharacterized conserved protein, heparinase superfamily"
COG5361	Uncharacterized conserved protein
COG5362	Phage terminase large subunit
COG5368	Uncharacterized protein
COG5371	Golgi nucleoside diphosphatase
COG5373	Uncharacterized membrane protein
COG5375	Uncharacterized protein
COG5377	"Phage-related protein, predicted endonuclease"
COG5378	"Predicted nucleic acid-binding protein, contains PIN domain"
COG5379	S-adenosylmethionine:diacylglycerol 3-amino-3-carboxypropyl transferase
COG5380	Lipase chaperone LimK
COG5381	Uncharacterized protein
COG5383	"Uncharacterized metalloenzyme YdcJ, glyoxalase superfamily"
COG5384	U3 small nucleolar ribonucleoprotein component
COG5385	Uncharacterized protein
COG5386	Heme-binding NEAT domain
COG5387	Chaperone required for the assembly of the mitochondrial F1-ATPase
COG5388	Uncharacterized protein
COG5389	Uncharacterized protein
COG5393	Uncharacterized membrane protein YqjE
COG5394	"Polyhydroxyalkanoate (PHA) synthesis regulator protein, binds DNA and PHA"
COG5395	Uncharacterized membrane protein
COG5397	Uncharacterized protein
COG5398	Heme oxygenase
COG5399	Uncharacterized protein
COG5400	Uncharacterized protein
COG5401	Spore germination protein GerM
COG5402	Uncharacterized protein
COG5403	Uncharacterized protein
COG5404	"Cell division inhibitor SulA, prevents FtsZ ring assembly"
COG5405	"ATP-dependent protease HslVU (ClpYQ), peptidase subunit"
COG5406	"Nucleosome binding factor SPN, SPT16 subunit"
COG5407	Preprotein translocase subunit Sec63
COG5410	Uncharacterized protein
COG5412	Phage-related protein
COG5413	Uncharacterized integral membrane protein
COG5414	"TATA-binding protein-associated factor Taf7, part of the TFIID transcription initiation complex"
COG5416	Uncharacterized integral membrane protein
COG5417	Uncharacterized ubiquitin-like protein YukD
COG5418	Predicted secreted protein
COG5419	Uncharacterized protein
COG5420	Uncharacterized protein
COG5421	Transposase
COG5423	Predicted metal-binding protein
COG5424	Pyrroloquinoline quinone (PQQ) biosynthesis protein C
COG5425	"Usg protein (tryptophan operon, function unknown)"
COG5426	Uncharacterized membrane protein
COG5427	Uncharacterized membrane protein
COG5428	Uncharacterized protein YuzE
COG5429	Uncharacterized protein
COG5430	"Spore coat protein U (SCPU) domain, function unknown"
COG5431	"Predicted nucleic acid-binding protein, contains Zn-finger domain"
COG5433	Predicted transposase YbfD/YdcC associated with H repeats
COG5434	Polygalacturonase
COG5435	Uncharacterized protein
COG5436	Uncharacterized membrane protein
COG5437	Predicted secreted protein
COG5438	Uncharacterized membrane protein
COG5439	Uncharacterized protein
COG5440	Uncharacterized protein
COG5441	"Uncharacterized protein, UPF0261 family"
COG5442	Flagellar biosynthesis regulator FlaF
COG5443	Flagellar biosynthesis regulator FlbT
COG5444	"Predicted ribonuclease, toxin component of the YeeF-YezG toxin-antitoxin module"
COG5445	"Uncharacterized conserved protein YfaQ, DUF2300 domain"
COG5446	"Uncharacterized membrane protein, predicted cobalt tansporter CbtA"
COG5447	Uncharacterized protein
COG5448	Uncharacterized protein
COG5449	Uncharacterized protein
COG5450	Transcription regulator of the Arc/MetJ class
COG5451	Predicted secreted protein
COG5452	Uncharacterized protein
COG5453	Uncharacterized protein
COG5454	Predicted secreted protein
COG5455	Periplasmic regulator RcnB of Ni and Co efflux
COG5456	Nitrogen fixation protein FixH
COG5457	"Uncharacterized conserved protein YjiS, DUF1127 family"
COG5458	Uncharacterized protein
COG5459	Ribosomal protein RSM22 (predicted mitochondrial rRNA methylase)
COG5460	"Uncharacterized conserved protein, DUF2164 family"
COG5461	Type IV pilus biogenesis protein CpaD/CtpE
COG5462	Predicted secreted (periplasmic) protein
COG5463	"Uncharacterized conserved protein YgiB, involved in bioifilm formation, UPF0441/DUF1190 family"
COG5464	Predicted transposase YdaD
COG5465	Uncharacterized protein
COG5466	Predicted small metal-binding protein
COG5467	Uncharacterized protein
COG5468	Predicted secreted (periplasmic) protein
COG5469	Predicted metal-binding protein
COG5470	"Uncharacterized conserved protein, DUF1330 family"
COG5471	"Predicted phage recombinase, RecA/RadA family"
COG5472	Predicted small integral membrane protein
COG5473	Uncharacterized membrane protein
COG5474	Uncharacterized protein
COG5475	"Uncharacterized conserved protein YodC, DUF2158 family"
COG5476	"Microcystin degradation protein MlrC, contains DUF1485 domain"
COG5477	Predicted small integral membrane protein
COG5478	Low affinity Fe/Cu permease
COG5479	"Uncharacterized conserved protein, contains LGFP repeats"
COG5480	Uncharacterized membrane protein
COG5481	Uncharacterized protein
COG5482	Uncharacterized protein
COG5483	"Uncharacterized conserved protein, DUF488 family"
COG5484	Uncharacterized protein YjcR
COG5485	Predicted ester cyclase
COG5486	Predicted metal-binding membrane protein
COG5487	"Uncharacterized membrane protein YtjA, UPF0391 family"
COG5488	Uncharacterized membrane protein
COG5489	"Uncharacterized conserved protein, DUF736 family"
COG5490	Uncharacterized protein
COG5491	"Archaeal division protein CdvB, Snf7/Vps24/ESCRT-III family"
COG5492	"Uncharacterized conserved protein YjdB, contains Ig-like domain"
COG5493	Uncharacterized protein
COG5494	Predicted thioredoxin/glutaredoxin
COG5495	"Predicted oxidoreductase, contains short-chain dehydrogenase (SDR) and DUF2520 domains"
COG5496	Predicted thioesterase
COG5497	Predicted secreted protein
COG5498	Endoglucanase Acf2
COG5499	"Antitoxin component HigA of the HigAB toxin-antitoxin module, contains an N-terminal HTH domain"
COG5500	Uncharacterized membrane protein
COG5501	Predicted secreted protein
COG5502	"Uncharacterized conserved protein, DUF2267 family"
COG5503	DNA-dependent RNA polymerase auxiliary subunit epsilon
COG5504	Uncharacterized protein YjaZ
COG5505	Uncharacterized membrane protein
COG5506	Uncharacterized protein YueI
COG5507	"Uncharacterized conserved protein YbaA, DUF1428 family"
COG5508	Uncharacterized protein
COG5509	"Uncharacterized small protein, DUF1192 family"
COG5510	Predicted small secreted protein
COG5511	Bacteriophage capsid protein
COG5512	"Predicted nucleic acid-binding protein, contains Zn-ribbon domain (includes truncated derivatives)"
COG5513	Predicted secreted protein
COG5514	Uncharacterized protein
COG5515	Uncharacterized protein
COG5516	"Conserved protein containing a Zn-ribbon-like motif, possibly RNA-binding"
COG5517	"3-phenylpropionate/cinnamic acid dioxygenase, small subunit"
COG5518	Bacteriophage capsid portal protein
COG5519	"Uncharcterized protein, DUF927 family"
COG5520	O-Glycosyl hydrolase
COG5521	Maltodextrin utilization protein YvdJ (function unknown)
COG5522	Uncharacterized membrane protein YwaF
COG5523	Uncharacterized membrane protein
COG5524	Bacteriorhodopsin
COG5525	"Phage terminase, large subunit GpA"
COG5526	Lysozyme family protein
COG5527	Protein involved in initiation of plasmid replication
COG5528	Uncharacterized membrane protein
COG5529	Pyocin large subunit
COG5530	Uncharacterized membrane protein
COG5531	"Chromatin remodeling complex protein RSC6, contains SWIB domain"
COG5532	"Uncharacterized conserved protein YfdQ, DUF2303 family"
COG5533	Ubiquitin C-terminal hydrolase
COG5534	Plasmid replication initiator protein
COG5542	Mannosyltransferase related to Gpi18
COG5544	"Uncharacterized conserved protein YfiM, DUF2279 family"
COG5545	Predicted P-loop ATPase and inactivated derivatives
COG5546	Uncharacterized membrane protein
COG5547	Uncharacterized membrane protein
COG5548	"Uncharacterized membrane protein, UPF0136 family"
COG5549	Predicted Zn-dependent protease
COG5550	Predicted aspartyl protease
COG5551	"CRISPR/Cas system endoribonuclease Cas6, RAMP superfamily"
COG5552	Uncharacterized protein
COG5553	Predicted metal-dependent enzyme of the double-stranded beta helix superfamily
COG5554	Nitrogen fixation protein
COG5555	"Cytolysin, a secreted calcineurin-like phosphatase"
COG5556	Uncharacterized protein
COG5557	Ni/Fe-hydrogenase 2 integral membrane subunit HybB
COG5558	Transposase
COG5561	Predicted metal-binding protein
COG5562	"Uncharacterized conserved protein YbcV, DUF1398 family"
COG5563	Uncharacterized membrane protein
COG5564	Predicted TIM-barrel enzyme
COG5565	Bacteriophage terminase large (ATPase) subunit and inactivated derivatives
COG5566	"Transcriptional regulator, Middle operon regulator (Mor) family"
COG5567	Predicted small periplasmic lipoprotein YifL (function unknown0
COG5568	Uncharacterized protein
COG5569	Periplasmic Cu and Ag efflux protein CusF
COG5570	Uncharacterized protein
COG5571	"Uncharacterized protein YhjY, contains autotransporter beta-barrel domain"
COG5572	Uncharacterized membrane protein
COG5573	"Predicted nucleic acid-binding protein, contains PIN domain"
COG5577	Spore coat protein CotF
COG5578	Uncharacterized membrane protein YesL
COG5579	"Uncharacterized protein, DUF1810 family"
COG5580	Activator of HSP90 ATPase
COG5581	"c-di-GMP-binding flagellar brake protein YcgR, contains PilZNR and PilZ domains"
COG5582	"Uncharacterized protein YpiB, UPF0302 family"
COG5583	Uncharacterized protein
COG5584	Predicted small secreted protein
COG5585	NAD+--asparagine ADP-ribosyltransferase
COG5586	Uncharacterized protein
COG5587	"Uncharacterized conserved protein, DUF2461 family"
COG5588	Uncharacterized protein
COG5589	Uncharacterized protein
COG5590	Ubiquinone biosynthesis protein COQ9
COG5591	Uncharacterized protein
COG5592	Hemerythrin superfamily protein
COG5595	"Predicted nucleic acid-binding protein, contains Zn-ribbon domain"
COG5597	Alpha-N-acetylglucosamine transferase
COG5598	Trimethylamine:corrinoid methyltransferase
COG5599	Protein tyrosine phosphatase
COG5602	"Histone deacetylase complex, regulatory component SIN3"
COG5605	Cytochrome c oxidase subunit IV
COG5606	"Predicted DNA-binding protein, XRE-type HTH domain"
COG5607	CHAD domain (function unknown)
COG5608	LEA14-like dessication related protein
COG5609	Uncharacterized protein YbcI
COG5610	"Predicted hydrolase, HAD superfamily"
COG5611	"Predicted nucleic-acid-binding protein, contains PIN domain"
COG5612	Uncharacterized membrane protein
COG5613	Uncharacterized protein
COG5614	Bacteriophage head-tail adaptor
COG5615	Uncharacterized membrane protein
COG5616	TolB amino-terminal domain (function unknown)
COG5617	Uncharacterized membrane protein
COG5618	Predicted periplasmic lipoprotein
COG5619	Uncharacterized protein
COG5620	Uncharacterized protein
COG5621	Predicted secreted hydrolase
COG5622	Protein required for attachment to host cells
COG5624	"Transcription initiation factor TFIID, subunit TAF12"
COG5625	"Predicted DNA-binding transcriptional regulator, contains HTH domain"
COG5626	Uncharacterized protein
COG5627	"SUMO ligase MMS21, Smc5/6 complex, required for cell growth and DNA repair"
COG5628	Predicted acetyltransferase
COG5631	"Predicted transcription regulator, contains HTH domain, MarR family"
COG5632	N-acetylmuramoyl-L-alanine amidase CwlA
COG5633	Uncharacterized conserved protein YcfL
COG5634	Uncharacterized protein YukJ
COG5635	"Predicted NTPase, NACHT family domain"
COG5637	Uncharacterized membrane protein
COG5639	Uncharacterized protein
COG5640	Secreted trypsin-like serine protease
COG5642	"Uncharacterized conserved protein, DUF2384 family"
COG5643	Protein containing a metal-binding domain shared with formylmethanofuran dehydrogenase subunit E
COG5644	U3 small nucleolar RNA-associated protein 14
COG5645	Uncharacterized conserved protein YceK
COG5646	"Uncharacterized conserved protein YdhG, YjbR/CyaY-like superfamily, DUF1801 family"
COG5649	Uncharacterized protein
COG5650	Uncharacterized membrane protein
COG5651	PPE-repeat protein
COG5652	VanZ like family protein (function unknown)
COG5653	"Acetyltransferase involved in cellulose biosynthesis, CelD/BcsL family"
COG5654	"Uncharacterized conserved protein, contains RES domain"
COG5655	Plasmid rolling circle replication initiator protein REP and truncated derivatives
COG5658	Uncharacterized membrane protein
COG5659	SRSO17 transposase
COG5660	"Predicted anti-sigma-YlaC factor YlaD, contains Zn-finger domain"
COG5661	Predicted secreted Zn-dependent protease
COG5662	Transmembrane transcriptional regulator (anti-sigma factor RsiW)
COG5663	"Uncharacterized protein, HAD superfamily"
COG5664	Predicted secreted Zn-dependent protease
COG5665	"CCR4-NOT transcriptional regulation complex, NOT5 subunit"
